8810 8725
block_0 400 250 750 1600 1150 1850
block_1 500 400 500 3800 1000 4200
block_2 500 400 0 2600 500 3000
block_3 500 400 1525 1200 2025 1600
block_4 320 625 3175 0 3495 625
block_5 400 500 2775 0 3175 500
block_6 500 600 4725 1300 5225 1900
block_7 750 400 0 0 750 400
block_8 500 600 800 4750 1300 5350
block_9 400 750 0 400 400 1150
block_10 400 750 2225 7625 2625 8375
block_11 500 600 2250 3000 2750 3600
block_12 400 750 3575 2100 3975 2850
block_13 500 600 400 400 900 1000
block_14 400 750 3275 1300 3675 2050
block_15 800 500 6725 2025 7525 2525
block_16 800 500 2775 800 3575 1300
block_17 500 800 0 3000 500 3800
block_18 500 800 2275 400 2775 1200
block_19 500 800 1750 3000 2250 3800
block_20 500 800 1750 3800 2250 4600
block_21 625 640 800 6625 1425 7265
block_22 500 800 4725 1900 5225 2700
block_23 625 640 0 5875 625 6515
block_24 800 500 2900 5375 3700 5875
block_25 1000 400 5300 5775 6300 6175
block_26 500 800 4725 2700 5225 3500
block_27 800 500 1300 4750 2100 5250
block_28 800 500 4050 5250 4850 5750
block_29 500 800 2775 1300 3275 2100
block_30 800 625 2900 4750 3700 5375
block_31 500 1000 7685 1400 8185 2400
block_32 1000 500 5300 7925 6300 8425
block_33 625 800 4050 7125 4675 7925
block_34 625 800 1125 3800 1750 4600
block_35 625 800 500 3000 1125 3800
block_36 1000 500 5300 2525 6300 3025
block_37 800 625 1300 5250 2100 5875
block_38 1000 500 2775 4125 3775 4625
block_39 500 1000 1425 6625 1925 7625
block_40 625 800 900 400 1525 1200
block_41 1000 500 7670 7425 8670 7925
block_42 1000 500 7100 0 8100 500
block_43 800 625 625 5875 1425 6500
block_44 1000 500 4050 4750 5050 5250
block_45 625 800 1125 3000 1750 3800
block_46 625 800 5300 6175 5925 6975
block_47 1000 500 6100 0 7100 500
block_48 625 800 1550 1600 2175 2400
block_49 500 1000 8185 0 8685 1000
block_50 625 960 4675 7125 5300 8085
block_51 800 750 3185 5875 3985 6625
block_52 625 960 1925 6625 2550 7585
block_53 960 625 5300 3025 6260 3650
block_54 800 750 750 1850 1550 2600
block_55 960 625 1425 5875 2385 6500
block_56 625 960 1600 7625 2225 8585
block_57 625 960 7045 6800 7670 7760
block_58 750 800 6300 7925 7050 8725
block_59 960 625 3775 4125 4735 4750
block_60 800 750 4050 5750 4850 6500
block_61 800 750 5300 5025 6100 5775
block_62 960 625 6725 1400 7685 2025
block_63 750 800 3975 2100 4725 2900
block_64 800 750 3250 7625 4050 8375
block_65 750 800 0 1600 750 2400
block_66 800 750 2385 5875 3185 6625
block_67 750 800 1525 400 2275 1200
block_68 625 960 2625 6625 3250 7585
block_69 750 800 3675 1300 4425 2100
block_70 1120 625 4050 6500 5170 7125
block_71 800 875 2775 2100 3575 2975
block_72 1120 625 5925 6975 7045 7600
block_73 800 875 0 6625 800 7500
block_74 625 1120 8185 1000 8810 2120
block_75 800 875 800 7625 1600 8500
block_76 1120 625 7045 6175 8165 6800
block_77 625 1120 6100 1400 6725 2520
block_78 1120 625 2775 3500 3895 4125
block_79 1120 625 7670 6800 8790 7425
block_80 800 875 5300 4125 6100 5000
block_81 800 875 7100 500 7900 1375
block_82 875 800 3495 0 4370 800
block_83 800 875 2100 4750 2900 5625
block_84 800 875 0 4750 800 5625
block_85 1120 625 6300 3325 7420 3950
block_86 1000 800 6100 4125 7100 4925
block_87 800 1000 3250 6625 4050 7625
block_88 1000 800 5925 6175 6925 6975
block_89 800 1000 0 7500 800 8500
block_90 1000 800 7420 3325 8420 4125
block_91 800 1000 7900 5025 8700 6025
block_92 800 1000 5300 0 6100 1000
block_93 800 1000 7100 5025 7900 6025
block_94 800 1000 6300 5025 7100 6025
block_95 1000 900 6100 500 7100 1400
block_96 1125 800 6300 2525 7425 3325
block_97 1125 800 7050 7925 8175 8725
block_98 1000 900 7100 4125 8100 5025
block_99 800 1250 5300 1000 6100 2250
