16264 16266
0 180 123 3224 1725 3404 1848
1 196 295 5063 13599 5259 13894
2 51 135 0 1779 51 1914
3 193 312 8142 1860 8335 2172
4 366 292 10820 4316 11186 4608
5 132 111 76 1361 208 1472
6 277 37 5208 7322 5485 7359
7 100 66 66 446 166 512
8 148 213 3662 3347 3810 3560
9 312 197 7963 2172 8275 2369
10 125 174 3368 82 3493 256
11 93 199 5027 1143 5120 1342
12 108 269 4393 5204 4501 5473
13 137 281 2751 9659 2888 9940
14 143 271 4975 5960 5118 6231
15 180 94 3044 1848 3224 1942
16 146 259 428 13199 574 13458
17 136 100 172 1780 308 1880
18 165 288 2956 12355 3121 12643
19 68 174 3722 0 3790 174
20 260 158 693 14070 953 14228
21 147 100 1082 1535 1229 1635
22 193 398 8688 7237 8881 7635
23 34 124 927 914 961 1038
24 125 265 2802 6641 2927 6906
25 89 185 3413 2312 3502 2497
26 129 233 826 6899 955 7132
27 267 109 2751 8297 3018 8406
28 103 238 1352 6319 1455 6557
29 279 113 3766 8749 4045 8862
30 311 235 8273 1398 8584 1633
31 79 137 419 1244 498 1381
32 92 43 516 92 608 135
33 54 237 1153 6319 1207 6556
34 202 376 13727 4167 13929 4543
35 170 118 2810 2068 2980 2186
36 171 280 2751 9172 2922 9452
37 129 195 5445 361 5574 556
38 353 77 13977 0 14330 77
39 223 174 3788 4352 4011 4526
40 241 250 0 10799 241 11049
41 216 258 2219 10308 2435 10566
42 262 174 2751 6374 3013 6548
43 197 72 4411 1533 4608 1605
44 153 68 598 2278 751 2346
45 127 218 4731 3653 4858 3871
46 147 101 935 1621 1082 1722
47 259 189 693 13199 952 13388
48 126 57 1229 626 1355 683
49 122 340 9574 5420 9696 5760
50 285 85 4863 11462 5148 11547
51 294 150 3339 14801 3633 14951
52 281 149 2888 10207 3169 10356
53 95 381 13329 6474 13424 6855
54 193 337 8685 5752 8878 6089
55 310 95 8272 1287 8582 1382
56 200 344 11201 343 11401 687
57 116 175 3592 524 3708 699
58 244 132 1455 8198 1699 8330
59 185 340 9389 5420 9574 5760
60 349 81 10454 2291 10803 2372
61 49 92 664 0 713 92
62 273 178 4393 6502 4666 6680
63 208 387 6330 8633 6538 9020
64 180 216 4186 3347 4366 3563
65 125 177 3823 1191 3948 1368
66 248 157 1562 9329 1810 9486
67 201 205 589 3752 790 3957
68 124 233 566 7365 690 7598
69 75 172 2863 2404 2938 2576
70 290 266 3066 12931 3356 13197
71 294 294 2795 14377 3089 14671
72 118 81 713 670 831 751
73 82 304 7727 1602 7809 1906
74 160 303 6875 2508 7035 2811
75 90 261 3037 5726 3127 5987
76 275 284 2881 11521 3156 11805
77 197 253 506 11303 703 11556
78 90 258 2337 10566 2427 10824
79 266 162 3108 6584 3374 6746
80 263 124 3188 6322 3451 6446
81 334 143 9374 4406 9708 4549
82 326 108 6464 5073 6790 5181
83 141 238 1352 6557 1493 6795
84 348 110 10454 1890 10802 2000
85 326 198 6138 5338 6464 5536
86 259 241 0 13428 259 13669
87 260 66 693 14228 953 14294
88 135 39 172 1880 307 1919
89 240 396 7149 10976 7389 11372
90 244 122 1641 8367 1885 8489
91 269 343 11271 0 11540 343
92 144 248 223 10050 367 10298
93 254 258 1897 10769 2151 11027
94 391 125 6939 8166 7330 8291
95 206 338 9116 5080 9322 5418
96 330 284 7126 6131 7456 6415
97 229 137 0 6489 229 6626
98 106 143 683 1802 789 1945
99 299 189 7079 258 7378 447
100 358 290 13990 1147 14348 1437
101 33 174 3335 82 3368 256
102 101 111 765 111 866 222
103 148 141 289 2012 437 2153
104 55 258 1842 10769 1897 11027
105 126 117 1103 725 1229 842
106 270 336 8181 6000 8451 6336
107 47 240 1859 6319 1906 6559
108 182 76 3225 1955 3407 2031
109 90 335 8181 5078 8271 5413
110 252 347 12048 1039 12300 1386
111 100 223 3993 4706 4093 4929
112 84 189 4526 365 4610 554
113 279 151 3487 8882 3766 9033
114 268 195 3287 8297 3555 8492
115 97 200 5228 1390 5325 1590
116 124 251 0 11051 124 11302
117 85 264 4289 5204 4374 5468
118 266 130 3210 7473 3476 7603
119 52 196 4647 944 4699 1140
120 184 189 4617 176 4801 365
121 180 135 3584 1725 3764 1860
122 130 284 2751 11521 2881 11805
123 276 378 14957 3436 15233 3814
124 262 73 3188 6249 3450 6322
125 235 78 1388 5204 1623 5282
126 208 164 2337 3347 2545 3511
127 140 237 1153 6556 1293 6793
128 192 202 400 3549 592 3751
129 377 202 13273 4919 13650 5121
130 65 84 333 83 398 167
131 63 87 267 253 330 340
132 267 217 3018 8049 3285 8266
133 96 170 2523 2245 2619 2415
134 39 224 157 5204 196 5428
135 169 252 530 11051 699 11303
136 312 281 7963 2369 8275 2650
137 61 340 9475 5760 9536 6100
138 147 302 6138 2205 6285 2507
139 170 59 2810 2186 2980 2245
140 260 221 953 13556 1213 13777
141 94 202 400 3347 494 3549
142 260 156 815 13777 1075 13933
143 255 198 0 12617 255 12815
144 283 165 3034 10973 3317 11138
145 118 228 958 5204 1076 5432
146 298 145 6138 574 6436 719
147 281 331 8679 3727 8960 4058
148 210 100 2625 3347 2835 3447
149 71 386 6387 7622 6458 8008
150 80 153 1416 1244 1496 1397
151 279 133 3487 8749 3766 8882
152 94 317 9610 2339 9704 2656
153 127 319 6138 3312 6265 3631
154 187 66 3415 2996 3602 3062
155 34 218 4511 3855 4545 4073
156 108 214 3810 3561 3918 3775
157 221 240 1859 6559 2080 6799
158 169 272 5969 5476 6138 5748
159 358 283 12919 1437 13277 1720
160 155 175 3592 174 3747 349
161 241 204 1394 7613 1635 7817
162 103 206 790 3757 893 3963
163 121 144 1090 1244 1211 1388
164 355 240 15047 532 15402 772
165 177 224 0 5652 177 5876
166 369 75 12292 4151 12661 4226
167 258 349 10454 2372 10712 2721
168 177 156 3768 1035 3945 1191
169 285 72 4293 11237 4578 11309
170 289 220 3301 12355 3590 12575
171 250 262 2751 5987 3001 6249
172 172 202 228 3347 400 3549
173 164 232 566 6433 730 6665
174 181 73 3584 1860 3765 1933
175 57 233 826 6666 883 6899
176 186 84 3044 3167 3230 3251
177 186 99 3044 3068 3230 3167
178 283 380 15060 4952 15343 5332
179 273 130 5777 6235 6050 6365
180 291 371 10454 6248 10745 6619
181 148 207 1326 3347 1474 3554
182 211 388 6138 9021 6349 9409
183 284 116 3724 11508 4008 11624
184 164 369 10679 5507 10843 5876
185 196 303 7135 1602 7331 1905
186 363 127 14194 2351 14557 2478
187 99 251 384 10549 483 10800
188 266 50 3476 7423 3742 7473
189 316 163 9610 1860 9926 2023
190 235 84 1153 5204 1388 5288
191 184 156 3229 2482 3413 2638
192 33 123 833 923 866 1046
193 168 254 273 11556 441 11810
194 208 72 2129 3397 2337 3469
195 135 146 1211 1389 1346 1535
196 34 112 1171 0 1205 112
197 331 99 8679 3628 9010 3727
198 284 86 3156 11670 3440 11756
199 265 347 10454 1386 10719 1733
200 55 116 1496 403 1551 519
201 272 217 5504 6018 5776 6235
202 31 50 36 0 67 50
203 146 199 4881 1634 5027 1833
204 174 220 5185 3690 5359 3910
205 204 346 12100 346 12304 692
206 182 214 3918 3561 4100 3775
207 279 291 4060 12355 4339 12646
208 135 250 795 10299 930 10549
209 155 91 1735 1244 1890 1335
210 60 307 8350 467 8410 774
211 122 70 713 790 835 860
212 107 74 268 655 375 729
213 306 291 8269 0 8575 291
214 223 148 3770 4706 3993 4854
215 283 336 8707 5079 8990 5415
216 55 344 11401 343 11456 687
217 47 291 3727 12355 3774 12646
218 286 319 6138 3631 6424 3950
219 186 215 3377 3775 3563 3990
220 299 348 10891 1386 11190 1734
221 121 394 6534 10970 6655 11364
222 107 385 15352 6097 15459 6482
223 185 170 3044 2898 3229 3068
224 116 292 3646 12937 3762 13229
225 146 257 1842 10130 1988 10387
226 107 259 321 13199 428 13458
227 196 250 0 10549 196 10799
228 99 172 2764 2404 2863 2576
229 293 141 2751 13599 3044 13740
230 348 156 10454 1734 10802 1890
231 209 79 2338 3690 2547 3769
232 32 208 1949 3762 1981 3970
233 165 258 2427 10566 2592 10824
234 137 72 555 1382 692 1454
235 365 188 11549 3881 11914 4069
236 95 288 3121 12355 3216 12643
237 123 270 4852 5960 4975 6230
238 65 104 475 453 540 557
239 261 297 6138 0 6399 297
240 287 247 4993 11787 5280 12034
241 134 380 13273 5712 13407 6092
242 103 232 391 7317 494 7549
243 353 92 13624 188 13977 280
244 68 295 5259 13599 5327 13894
245 294 380 13407 5712 13701 6092
246 225 176 0 6190 225 6366
247 34 249 367 10050 401 10299
248 51 61 44 112 95 173
249 86 121 969 552 1055 673
250 95 177 3592 1368 3687 1545
251 155 144 1580 1371 1735 1515
252 69 175 3592 349 3661 524
253 269 391 7865 8166 8134 8557
254 202 265 4158 6054 4360 6319
255 88 378 14869 3436 14957 3814
256 373 158 11727 5507 12100 5665
257 245 388 6349 9021 6594 9409
258 56 64 44 173 100 237
259 56 381 13273 6474 13329 6855
260 158 314 7963 2998 8121 3312
261 229 162 813 6071 1042 6233
262 143 250 241 10549 384 10799
263 91 270 4761 5960 4852 6230
264 242 150 1635 7628 1877 7778
265 160 100 1733 2013 1893 2113
266 130 212 3032 3655 3162 3867
267 151 347 11897 1039 12048 1386
268 62 324 7440 3776 7502 4100
269 89 188 4304 564 4393 752
270 68 118 799 552 867 670
271 194 210 2129 3917 2323 4127
272 228 65 812 5865 1040 5930
273 95 275 4608 7474 4703 7749
274 146 44 935 1535 1081 1579
275 84 302 7051 2205 7135 2507
276 242 173 1153 7888 1395 8061
277 74 382 14000 6855 14074 7237
278 127 337 8990 4743 9117 5080
279 37 76 197 76 234 152
280 273 128 4393 6680 4666 6808
281 241 82 1153 7613 1394 7695
282 180 264 3681 5789 3861 6053
283 129 109 1103 943 1232 1052
284 143 304 7544 1602 7687 1906
285 194 206 1132 3388 1326 3594
286 88 168 2626 1898 2714 2066
287 50 213 2982 3655 3032 3868
288 77 142 648 1660 725 1802
289 225 235 1623 5246 1848 5481
290 359 116 13994 1437 14353 1553
291 104 197 4411 1831 4515 2028
292 36 79 234 76 270 155
293 287 62 4993 11615 5280 11677
294 66 342 10745 341 10811 683
295 270 65 4393 6230 4663 6295
296 300 344 10944 687 11244 1031
297 125 281 3450 9659 3575 9940
298 208 300 7462 1005 7670 1305
299 62 277 5042 7056 5104 7333
300 245 177 0 9461 245 9638
301 198 161 4582 1833 4780 1994
302 199 198 5228 944 5427 1142
303 289 235 3301 12575 3590 12810
304 148 67 141 1945 289 2012
305 102 119 867 671 969 790
306 87 345 11540 345 11627 690
307 133 345 11627 345 11760 690
308 185 217 4752 3436 4937 3653
309 258 262 3188 5987 3446 6249
310 163 210 2353 4263 2516 4473
311 135 274 4484 7200 4619 7474
312 261 198 1050 14553 1311 14751
313 192 317 9769 2023 9961 2340
314 253 300 7462 705 7715 1005
315 356 181 12919 885 13275 1066
316 82 216 4366 3347 4448 3563
317 142 220 5680 3470 5822 3690
318 387 162 6138 8233 6525 8395
319 276 382 14469 5712 14745 6094
320 210 213 3452 3347 3662 3560
321 141 148 0 1945 141 2093
322 258 229 0 13199 258 13428
323 325 150 6463 4592 6788 4742
324 60 116 1551 403 1611 519
325 329 130 6138 6131 6467 6261
326 218 196 4731 3871 4949 4067
327 168 202 494 3347 662 3549
328 326 289 6464 5338 6790 5627
329 332 61 8181 4390 8513 4451
330 148 141 1230 1649 1378 1790
331 97 270 4393 5960 4490 6230
332 96 206 986 3347 1082 3553
333 134 252 396 11051 530 11303
334 273 290 2793 12931 3066 13221
335 133 334 9508 4072 9641 4406
336 115 154 1465 1398 1580 1552
337 364 53 14194 3091 14558 3144
338 53 176 3632 699 3685 875
339 300 299 7079 1303 7379 1602
340 223 180 3789 4526 4012 4706
341 54 211 2625 3655 2679 3866
342 241 345 11540 0 11781 345
343 86 117 1611 403 1697 520
344 84 371 11033 5877 11117 6248
345 110 253 396 11303 506 11556
346 375 173 13273 3436 13648 3609
347 54 117 745 552 799 669
348 286 291 3774 12355 4060 12646
349 142 264 4016 5789 4158 6053
350 325 97 6138 4425 6463 4522
351 150 74 141 2153 291 2227
352 94 324 7829 3776 7923 4100
353 291 118 3066 13481 3357 13599
354 141 345 11781 0 11922 345
355 359 128 14353 1437 14712 1565
356 103 167 2523 1898 2626 2065
357 119 259 574 13199 693 13458
358 189 176 4600 0 4789 176
359 264 277 5479 6502 5743 6779
360 130 213 3125 3868 3255 4081
361 263 187 4026 5204 4289 5391
362 184 261 693 14668 877 14929
363 227 249 750 10050 977 10299
364 223 199 3547 4854 3770 5053
365 53 399 8997 7636 9050 8035
366 263 260 3500 5204 3763 5464
367 160 37 1733 1898 1893 1935
368 236 205 1650 5609 1886 5814
369 72 220 5076 3910 5148 4130
370 280 212 3766 8879 4046 9091
371 141 379 15445 3814 15586 4193
372 176 207 1773 3347 1949 3554
373 32 117 713 552 745 669
374 155 265 4158 6319 4313 6584
375 219 275 4393 7749 4612 8024
376 283 295 3929 13599 4212 13894
377 113 271 5286 5475 5399 5746
378 106 258 2147 10050 2253 10308
379 218 134 4731 4067 4949 4201
380 73 111 1003 0 1076 111
381 55 115 1339 403 1394 518
382 110 299 7079 705 7189 1004
383 94 218 5076 3347 5170 3565
384 63 137 356 1244 419 1381
385 272 365 15212 3055 15484 3420
386 219 123 5460 3347 5679 3470
387 368 218 11555 5176 11923 5394
388 285 204 4293 11382 4578 11586
389 103 277 5743 6502 5846 6779
390 67 169 2810 1898 2877 2067
391 293 234 2751 13849 3044 14083
392 205 288 2751 12355 2956 12643
393 96 397 8047 10580 8143 10977
394 176 176 3819 0 3995 176
395 105 106 602 349 707 455
396 142 372 10910 6620 11052 6992
397 159 301 7670 1005 7829 1306
398 249 350 11429 1736 11678 2086
399 311 127 8896 1398 9207 1525
400 232 251 512 10750 744 11001
401 187 262 3001 5987 3188 6249
402 171 190 4910 0 5081 190
403 358 122 13632 1147 13990 1269
404 63 196 5642 0 5705 196
405 375 135 13273 4032 13648 4167
406 39 247 1314 8937 1353 9184
407 186 139 3229 2759 3415 2898
408 327 215 7116 5341 7443 5556
409 39 141 419 1799 458 1940
410 373 165 11727 5665 12100 5830
411 269 58 3287 8506 3556 8564
412 143 203 592 3549 735 3752
413 58 210 2531 3917 2589 4127
414 61 295 4490 13599 4551 13894
415 45 54 0 50 45 104
416 248 285 2751 11866 2999 12151
417 118 258 2101 10308 2219 10566
418 153 213 3810 3347 3963 3560
419 172 347 10719 1386 10891 1733
420 89 376 14268 4167 14357 4543
421 259 206 321 13458 580 13664
422 273 300 7189 705 7462 1005
423 106 211 2625 3866 2731 4077
424 104 144 789 1244 893 1388
425 76 131 0 1375 76 1506
426 260 137 815 13933 1075 14070
427 64 223 3483 4706 3547 4929
428 213 256 0 12815 213 13071
429 280 380 13701 5712 13981 6092
430 322 55 7337 3634 7659 3689
431 262 305 7135 2515 7397 2820
432 157 104 1728 1669 1885 1773
433 244 172 1397 8455 1641 8627
434 129 226 387 6102 516 6328
435 173 216 3563 3775 3736 3991
436 48 83 285 83 333 166
437 95 129 1422 725 1517 854
438 242 373 11793 5830 12035 6203
439 78 142 570 1660 648 1802
440 256 389 7018 7237 7274 7626
441 159 115 1893 1898 2052 2013
442 131 313 8610 1860 8741 2173
443 115 385 6344 7237 6459 7622
444 217 276 5249 6778 5466 7054
445 108 56 162 828 270 884
446 204 369 12479 3668 12683 4037
447 65 291 4060 12646 4125 12937
448 157 125 1728 1773 1885 1898
449 126 261 2751 5726 2877 5987
450 96 192 5164 361 5260 553
451 155 227 584 5431 739 5658
452 146 78 789 1621 935 1699
453 105 287 4601 11615 4706 11902
454 219 228 739 5431 958 5659
455 235 97 1153 5512 1388 5609
456 65 154 1496 1244 1561 1398
457 245 221 245 9240 490 9461
458 327 180 6138 5822 6465 6002
459 128 399 8760 8035 8888 8434
460 223 145 3547 5053 3770 5198
461 102 171 2523 2416 2625 2587
462 103 324 7337 3776 7440 4100
463 366 247 10819 4069 11185 4316
464 185 396 7747 10580 7932 10976
465 267 129 2751 7935 3018 8064
466 72 359 12919 1988 12991 2347
467 110 135 246 1645 356 1780
468 111 145 1294 1244 1405 1389
469 299 155 6734 574 7033 729
470 76 314 8396 2685 8472 2999
471 238 297 6770 277 7008 574
472 96 179 3945 1546 4041 1725
473 60 115 1592 0 1652 115
474 89 112 1005 111 1094 223
475 203 204 0 3752 203 3956
476 275 295 4788 13599 5063 13894
477 177 324 7337 4100 7514 4424
478 299 146 6436 729 6735 875
479 170 173 3044 173 3214 346
480 145 237 1207 6319 1352 6556
481 72 149 643 1945 715 2094
482 190 271 5286 5204 5476 5475
483 115 222 5822 3347 5937 3569
484 167 331 8181 4058 8348 4389
485 177 292 3762 12937 3939 13229
486 219 75 5076 3566 5295 3641
487 214 236 1200 5609 1414 5845
488 284 155 3440 11670 3724 11825
489 329 263 6467 6131 6796 6394
490 66 261 2971 5726 3037 5987
491 151 375 13273 4167 13424 4542
492 176 303 6875 2205 7051 2508
493 280 254 3202 9405 3482 9659
494 314 267 8121 2999 8435 3266
495 177 269 4501 5204 4678 5473
496 248 193 1314 9329 1562 9522
497 119 391 6939 8291 7058 8682
498 183 161 3590 2131 3773 2292
499 245 352 11429 2086 11674 2438
500 289 397 8399 7237 8688 7634
501 112 141 458 1799 570 1940
502 199 217 4553 3436 4752 3653
503 134 188 4170 564 4304 752
504 83 233 955 6899 1038 7132
505 232 158 566 6865 798 7023
506 65 238 1456 6795 1521 7033
507 89 253 0 11809 89 12062
508 235 42 1623 5204 1858 5246
509 209 141 2129 3690 2338 3831
510 190 269 4928 5473 5118 5742
511 159 119 1574 2072 1733 2191
512 81 103 289 449 370 552
513 244 59 1641 8489 1885 8548
514 250 269 4678 5204 4928 5473
515 131 114 1329 1130 1460 1244
516 112 197 4582 1634 4694 1831
517 117 61 1697 491 1814 552
518 168 345 10776 687 10944 1032
519 114 255 1058 10050 1172 10305
520 131 219 5170 3347 5301 3566
521 69 336 8705 4743 8774 5079
522 218 202 4511 3653 4729 3855
523 133 343 10870 342 11003 685
524 267 150 3018 7899 3285 8049
525 207 276 5042 6778 5249 7054
526 294 294 2960 14083 3254 14377
527 104 128 1230 725 1334 853
528 173 247 1566 8937 1739 9184
529 72 271 4975 6231 5047 6502
530 147 114 1229 1535 1376 1649
531 79 100 269 349 348 449
532 85 288 3216 12355 3301 12643
533 111 217 4186 3563 4297 3780
534 166 292 4339 12355 4505 12647
535 116 399 8881 7636 8997 8035
536 241 108 1153 7505 1394 7613
537 249 366 11428 4069 11677 4435
538 93 111 910 0 1003 111
539 92 242 1153 8061 1245 8303
540 254 297 6516 0 6770 297
541 55 193 5128 553 5183 746
542 65 235 1848 5246 1913 5481
543 64 199 5164 944 5228 1143
544 228 54 584 5865 812 5919
545 359 109 13635 1437 13994 1546
546 219 332 8488 4058 8707 4390
547 367 93 10454 5299 10821 5392
548 237 324 7944 3452 8181 3776
549 218 375 12807 5665 13025 6040
550 121 173 3214 173 3335 346
551 65 237 1256 7030 1321 7267
552 298 58 6138 1093 6436 1151
553 155 154 1580 1515 1735 1669
554 393 170 6515 10185 6908 10355
555 104 277 5104 7056 5208 7333
556 198 315 9191 1860 9389 2175
557 285 219 4008 11382 4293 11601
558 295 106 3634 14951 3929 15057
559 281 240 2888 9791 3169 10031
560 108 319 6265 3312 6373 3631
561 215 275 4393 7474 4608 7749
562 181 169 3044 1955 3225 2124
563 246 45 1314 8844 1560 8889
564 106 388 6594 9797 6700 10185
565 66 199 5302 1142 5368 1341
566 152 96 141 2227 293 2323
567 171 66 2764 2338 2935 2404
568 122 194 5359 556 5481 750
569 143 213 2982 3868 3125 4081
570 286 148 5148 11462 5434 11610
571 60 226 327 6102 387 6328
572 227 270 4490 5960 4717 6230
573 143 315 9295 2175 9438 2490
574 185 382 14284 6094 14469 6476
575 70 145 1346 1389 1416 1534
576 278 295 4212 13599 4490 13894
577 216 395 6933 11364 7149 11759
578 183 334 9922 3738 10105 4072
579 250 372 10910 6248 11160 6620
580 164 191 4964 190 5128 381
581 261 162 1138 14751 1399 14913
582 254 266 2956 7208 3210 7474
583 126 177 3592 1191 3718 1368
584 244 158 1153 8455 1397 8613
585 294 130 3339 14671 3633 14801
586 195 214 3963 3347 4158 3561
587 152 61 445 2153 597 2214
588 357 68 13632 885 13989 953
589 44 294 2751 14377 2795 14671
590 297 129 6138 406 6435 535
591 269 209 3555 8297 3824 8506
592 246 350 11678 1386 11924 1736
593 111 370 11087 5507 11198 5877
594 233 296 4859 14189 5092 14485
595 205 266 2751 7208 2956 7474
596 308 294 8410 467 8718 761
597 153 125 597 2153 750 2278
598 295 155 3339 14951 3634 15106
599 212 136 2625 4374 2837 4510
600 149 80 437 2061 586 2141
601 44 103 431 452 475 555
602 50 206 1082 3388 1132 3594
603 128 251 384 10800 512 11051
604 263 87 3500 5464 3763 5551
605 146 86 789 1535 935 1621
606 187 198 4694 1634 4881 1832
607 185 131 3044 2482 3229 2613
608 31 188 4072 0 4103 188
609 33 131 0 1244 33 1375
610 91 188 4170 376 4261 564
611 42 83 285 0 327 83
612 142 381 13981 5712 14123 6093
613 138 94 555 1454 693 1548
614 57 257 1785 10050 1842 10307
615 233 275 5042 6502 5275 6777
616 33 115 1306 403 1339 518
617 123 63 713 860 836 923
618 55 199 5074 944 5129 1143
619 122 260 693 13777 815 14037
620 38 56 94 56 132 112
621 214 217 4297 3563 4511 3780
622 153 54 445 2278 598 2332
623 326 255 6790 5073 7116 5328
624 91 274 4393 7200 4484 7474
625 162 346 11540 1038 11702 1384
626 257 80 1842 10050 2099 10130
627 297 109 6138 297 6435 406
628 218 384 14884 5712 15102 6096
629 390 271 7300 7607 7690 7878
630 207 273 4393 6808 4600 7081
631 125 205 861 3347 986 3552
632 240 329 7037 5627 7277 5956
633 197 391 7668 8166 7865 8557
634 180 227 704 5204 884 5431
635 295 335 8181 4743 8476 5078
636 229 56 0 6433 229 6489
637 249 249 401 10050 650 10299
638 262 125 2751 6249 3013 6374
639 58 115 1534 0 1592 115
640 101 171 2619 2245 2720 2416
641 31 211 2679 3655 2710 3866
642 130 188 4170 188 4300 376
643 282 155 2751 10356 3033 10511
644 61 103 370 349 431 452
645 157 224 0 5204 157 5428
646 244 125 1153 8330 1397 8455
647 44 58 0 112 44 170
648 97 313 7963 2685 8060 2998
649 240 286 4361 11615 4601 11901
650 70 113 1094 224 1164 337
651 141 165 1416 2482 1557 2647
652 30 119 867 552 897 671
653 94 165 2357 1898 2451 2063
654 368 115 11923 3668 12291 3783
655 241 38 1876 7505 2117 7543
656 204 276 5275 6502 5479 6778
657 83 234 1070 7132 1153 7366
658 219 302 6679 1903 6898 2205
659 139 217 4937 3347 5076 3564
660 139 223 3344 4706 3483 4929
661 84 382 14216 5712 14300 6094
662 234 336 8451 6000 8685 6336
663 68 173 3181 0 3249 173
664 79 389 6939 7237 7018 7626
665 206 328 7277 5627 7483 5955
666 122 260 1913 13199 2035 13459
667 281 176 2888 10031 3169 10207
668 284 196 3724 11670 4008 11866
669 298 127 6138 966 6436 1093
670 114 36 1420 99 1534 135
671 310 111 8582 1073 8892 1184
672 36 192 5128 361 5164 553
673 325 225 6138 4592 6463 4817
674 180 279 3307 8749 3487 9028
675 151 399 8881 7237 9032 7636
676 134 333 9374 4072 9508 4405
677 67 369 10454 5507 10521 5876
678 321 206 6747 4145 7068 4351
679 256 372 11471 5507 11727 5879
680 59 107 375 655 434 762
681 365 121 10454 3436 10819 3557
682 320 232 6427 4145 6747 4377
683 78 221 5185 4131 5263 4352
684 96 190 4610 365 4706 555
685 265 362 13690 2708 13955 3070
686 307 51 8884 0 9191 51
687 216 226 368 5876 584 6102
688 172 255 1213 10305 1385 10560
689 108 336 8438 5415 8546 5751
690 274 118 4393 7082 4667 7200
691 356 129 12919 1155 13275 1284
692 179 303 7135 1905 7314 2208
693 151 188 4170 0 4321 188
694 89 339 9635 5081 9724 5420
695 73 261 693 14407 766 14668
696 213 275 4751 7474 4964 7749
697 117 144 893 1244 1010 1388
698 155 264 3861 5789 4016 6053
699 235 141 1388 5288 1623 5429
700 142 393 6392 10970 6534 11363
701 88 220 5592 3470 5680 3690
702 245 184 0 8690 245 8874
703 247 93 1560 8844 1807 8937
704 327 195 6138 5627 6465 5822
705 66 96 0 349 66 445
706 123 350 11306 2372 11429 2722
707 139 275 4612 7749 4751 8024
708 121 201 107 3347 228 3548
709 70 139 419 1660 489 1799
710 184 170 3044 2312 3228 2482
711 57 137 498 1244 555 1381
712 180 95 3404 1860 3584 1955
713 369 132 11923 4151 12292 4283
714 240 156 1859 6951 2099 7107
715 241 123 1635 7505 1876 7628
716 113 53 1306 0 1419 53
717 75 261 2944 5465 3019 5726
718 92 215 3255 3990 3347 4205
719 259 74 952 13388 1211 13462
720 206 41 1082 3347 1288 3388
721 48 134 69 1645 117 1779
722 103 237 1153 7030 1256 7267
723 155 120 1416 1669 1571 1789
724 189 207 1584 3554 1773 3761
725 209 294 2751 14083 2960 14377
726 266 362 13902 3070 14168 3432
727 307 190 8577 57 8884 247
728 256 149 455 13050 711 13199
729 94 261 2877 5726 2971 5987
730 126 73 1103 552 1229 625
731 306 145 7963 0 8269 145
732 208 210 2323 3917 2531 4127
733 321 193 6427 3952 6748 4145
734 54 262 3446 5987 3500 6249
735 113 257 1988 10130 2101 10387
736 209 212 2731 3866 2940 4078
737 186 218 4545 3855 4731 4073
738 172 234 690 7365 862 7599
739 299 123 6436 875 6735 998
740 184 225 143 5876 327 6101
741 355 169 14336 532 14691 701
742 172 231 219 7471 391 7702
743 145 249 650 10299 795 10548
744 132 117 76 1244 208 1361
745 172 295 4335 14189 4507 14484
746 159 219 5301 3347 5460 3566
747 163 221 5185 3910 5348 4131
748 193 293 4310 13230 4503 13523
749 158 369 10521 5507 10679 5876
750 95 358 14348 885 14443 1243
751 180 39 3224 1848 3404 1887
752 222 91 3344 4352 3566 4443
753 156 123 1571 1669 1727 1792
754 113 142 570 1802 683 1944
755 189 50 4411 0 4600 50
756 128 194 5359 750 5487 944
757 236 255 977 10305 1213 10560
758 280 360 12919 2348 13199 2708
759 212 320 6687 3312 6899 3632
760 258 203 1842 10566 2100 10769
761 107 78 162 750 269 828
762 37 261 2751 5204 2788 5465
763 177 295 4212 14484 4389 14779
764 128 233 657 7132 785 7365
765 155 127 1580 1244 1735 1371
766 97 230 0 7086 97 7316
767 263 88 3763 5551 4026 5639
768 327 268 7116 5073 7443 5341
769 63 379 15445 4193 15508 4572
770 282 130 3033 10770 3315 10900
771 126 74 1229 552 1355 626
772 158 168 2652 2066 2810 2234
773 325 230 6788 4425 7113 4655
774 78 220 5076 3690 5154 3910
775 221 345 11244 687 11465 1032
776 350 281 10712 3072 11062 3353
777 216 245 0 9638 216 9883
778 294 103 3045 14671 3339 14774
779 58 163 2016 2191 2074 2354
780 283 264 2751 10973 3034 11237
781 155 195 5487 556 5642 751
782 61 71 136 112 197 183
783 174 323 7685 3452 7859 3775
784 284 271 3724 11237 4008 11508
785 95 396 7430 10580 7525 10976
786 234 293 4165 12937 4399 13230
787 132 178 3687 1368 3819 1546
788 163 166 1557 2482 1720 2648
789 66 124 961 914 1027 1038
790 310 87 7963 1398 8273 1485
791 289 121 3301 12810 3590 12931
792 228 164 584 5701 812 5865
793 252 295 5259 13894 5511 14189
794 216 313 8975 1860 9191 2173
795 179 312 7963 1860 8142 2172
796 242 208 1877 7628 2119 7836
797 277 266 5208 7056 5485 7322
798 98 316 9671 2023 9769 2339
799 270 214 4678 5742 4948 5956
800 359 215 13994 1565 14353 1780
801 173 255 1385 10050 1558 10305
802 158 99 1416 2072 1574 2171
803 77 380 15060 5332 15137 5712
804 37 221 5148 3910 5185 4131
805 183 181 3407 2131 3590 2312
806 218 273 5286 6018 5504 6291
807 229 141 812 5930 1041 6071
808 286 395 7235 10185 7521 10580
809 213 120 3255 3560 3468 3680
810 70 87 197 253 267 340
811 311 185 8585 1525 8896 1710
812 117 138 659 1244 776 1382
813 225 259 96 13669 321 13928
814 164 253 73 11556 237 11809
815 57 74 228 0 285 74
816 371 115 10454 6619 10825 6734
817 235 258 2337 10824 2572 11082
818 194 271 5399 5475 5593 5746
819 135 395 7149 10580 7284 10975
820 102 116 1394 403 1496 519
821 202 204 0 3956 202 4160
822 73 103 289 552 362 655
823 69 91 447 258 516 349
824 90 188 4321 0 4411 188
825 307 73 8577 247 8884 320
826 281 132 2888 9659 3169 9791
827 123 295 4212 14189 4335 14484
828 57 149 586 1945 643 2094
829 285 225 4578 11237 4863 11462
830 285 153 4578 11462 4863 11615
831 105 177 3718 1191 3823 1368
832 81 291 3646 12355 3727 12646
833 300 362 13602 3070 13902 3432
834 44 270 4717 5960 4761 6230
835 78 102 211 449 289 551
836 289 320 6138 3952 6427 4272
837 49 154 1416 1398 1465 1552
838 336 61 8181 5751 8517 5812
839 237 150 1414 6169 1651 6319
840 169 301 6244 1602 6413 1903
841 64 179 3757 1546 3821 1725
842 48 256 355 12815 403 13071
843 127 221 5359 3690 5486 3911
844 71 205 790 3552 861 3757
845 167 166 2122 2482 2289 2648
846 114 105 1306 183 1420 288
847 165 178 3592 1546 3757 1724
848 260 104 693 13556 953 13660
849 152 33 293 2227 445 2260
850 115 201 5501 1342 5616 1543
851 326 265 6138 5073 6464 5338
852 177 372 11052 6620 11229 6992
853 161 382 14123 6094 14284 6476
854 186 258 2151 10769 2337 11027
855 135 275 4751 7749 4886 8024
856 163 191 4801 190 4964 381
857 77 111 1094 0 1171 111
858 354 143 12919 532 13273 675
859 285 254 2999 12101 3284 12355
860 278 160 2751 8998 3029 9158
861 157 216 3347 3990 3504 4206
862 80 149 715 1945 795 2094
863 53 230 0 6856 53 7086
864 49 299 7677 299 7726 598
865 280 130 4045 8749 4325 8879
866 261 146 1050 14407 1311 14553
867 213 247 1353 8937 1566 9184
868 119 388 6594 9409 6713 9797
869 274 286 4008 11615 4282 11901
870 266 218 3108 6990 3374 7208
871 62 97 149 349 211 446
872 222 84 3566 4352 3788 4436
873 208 97 986 3970 1194 4067
874 41 113 1217 224 1258 337
875 207 301 6224 1903 6431 2204
876 61 163 1894 2191 1955 2354
877 245 140 0 8874 245 9014
878 251 254 144 12235 395 12489
879 222 397 8399 7635 8621 8032
880 294 134 2751 14671 3045 14805
881 149 116 437 1945 586 2061
882 40 91 447 167 487 258
883 286 322 7337 3312 7623 3634
884 223 347 11897 692 12120 1039
885 146 395 7284 10580 7430 10975
886 326 68 6790 5341 7116 5409
887 105 299 7677 0 7782 299
888 322 63 7337 3689 7659 3752
889 259 168 693 13388 952 13556
890 265 57 2751 6584 3016 6641
891 225 89 0 6101 225 6190
892 261 277 5479 6779 5740 7056
893 47 199 5027 944 5074 1143
894 266 244 3108 6746 3374 6990
895 115 115 1306 288 1421 403
896 258 260 1213 13199 1471 13459
897 119 162 1694 2191 1813 2353
898 44 199 5120 1143 5164 1342
899 171 93 2764 2245 2935 2338
900 375 222 13273 3810 13648 4032
901 192 388 6138 8633 6330 9021
902 278 394 6655 10970 6933 11364
903 333 93 9374 3312 9707 3405
904 139 171 2625 2416 2764 2587
905 222 333 9012 4386 9234 4719
906 143 337 9117 4743 9260 5080
907 119 225 420 5428 539 5653
908 245 67 0 9240 245 9307
909 264 206 4026 5534 4290 5740
910 297 277 6770 0 7067 277
911 167 124 2122 2648 2289 2772
912 115 270 5171 5204 5286 5474
913 221 315 9389 1860 9610 2175
914 246 233 330 9817 576 10050
915 66 373 11727 5830 11793 6203
916 114 84 1306 99 1420 183
917 299 48 7378 258 7677 306
918 182 176 3589 1955 3771 2131
919 261 179 953 14228 1214 14407
920 181 47 3044 2124 3225 2171
921 42 253 89 11809 131 12062
922 126 99 1103 626 1229 725
923 88 361 14106 1988 14194 2349
924 72 139 489 1660 561 1799
925 127 101 1103 842 1230 943
926 200 287 5434 8749 5634 9036
927 66 86 197 167 263 253
928 158 352 11467 2438 11625 2790
929 109 190 4801 0 4910 190
930 248 153 1314 9674 1562 9827
931 55 335 10323 3738 10378 4073
932 195 347 11702 1038 11897 1385
933 53 331 8960 3727 9013 4058
934 132 219 5460 3470 5592 3689
935 99 174 3493 82 3592 256
936 88 362 13602 2708 13690 3070
937 110 267 3742 6584 3852 6851
938 309 90 8272 1073 8581 1163
939 72 196 4647 1336 4719 1532
940 176 338 9603 4743 9779 5081
941 51 265 4158 5789 4209 6054
942 144 254 0 12235 144 12489
943 229 93 584 6233 813 6326
944 290 124 3356 12931 3646 13055
945 30 207 1949 3554 1979 3761
946 62 322 7623 3312 7685 3634
947 171 239 1612 6798 1783 7037
948 193 272 5776 5476 5969 5748
949 115 397 7932 10580 8047 10977
950 47 56 148 0 195 56
951 140 234 862 7366 1002 7600
952 156 96 1416 1792 1572 1888
953 281 400 8888 8035 9169 8435
954 232 200 566 6665 798 6865
955 186 61 3415 2898 3601 2959
956 157 216 4029 3775 4186 3991
957 124 130 1103 1052 1227 1182
958 187 394 6180 11363 6367 11757
959 246 110 1314 8690 1560 8800
960 41 226 327 5876 368 6102
961 202 302 6673 2205 6875 2507
962 340 83 8990 5760 9330 5843
963 137 235 1002 7366 1139 7601
964 299 258 7079 447 7378 705
965 158 160 1416 2191 1574 2351
966 69 133 0 1645 69 1778
967 201 96 0 3251 201 3347
968 39 86 263 167 302 253
969 353 188 13624 0 13977 188
970 53 342 11148 0 11201 342
971 52 111 713 111 765 222
972 65 162 1629 2191 1694 2353
973 81 325 7970 4100 8051 4425
974 197 101 4608 1533 4805 1634
975 156 105 1572 1792 1728 1897
976 114 99 1419 0 1533 99
977 40 176 3592 699 3632 875
978 193 331 8486 3642 8679 3973
979 101 236 1886 5609 1987 5845
980 261 206 877 14751 1138 14957
981 80 144 1010 1244 1090 1388
982 318 77 9298 2875 9616 2952
983 256 235 455 12815 711 13050
984 348 191 10454 2100 10802 2291
985 138 207 1584 3347 1722 3554
986 253 261 1311 14407 1564 14668
987 278 249 3029 8749 3307 8998
988 108 111 802 0 910 111
989 115 393 6836 10577 6951 10970
990 62 105 540 349 602 454
991 263 143 4026 5391 4289 5534
992 218 277 5740 6779 5958 7056
993 110 207 1474 3347 1584 3554
994 205 175 395 3957 600 4132
995 89 238 1153 7267 1242 7505
996 114 246 216 9638 330 9884
997 200 233 826 6433 1026 6666
998 61 162 1955 2191 2016 2353
999 57 239 1521 6319 1578 6558
1000 146 274 4691 6808 4837 7082
1001 35 275 4964 7474 4999 7749
1002 291 341 10454 341 10745 682
1003 375 414 6694 13007 7069 13421
1004 223 249 0 10050 223 10299
1005 244 305 7432 2210 7676 2515
1006 249 440 10116 12936 10365 13376
1007 181 265 2927 6641 3108 6906
1008 330 153 7126 6415 7456 6568
1009 113 271 5286 5746 5399 6017
1010 157 67 1885 1669 2042 1736
1011 372 413 6831 12180 7203 12593
1012 318 433 7742 14784 8060 15217
1013 210 136 2312 4127 2522 4263
1014 124 179 3821 1546 3945 1725
1015 252 442 10365 12936 10617 13378
1016 229 200 813 6233 1042 6433
1017 306 377 14357 4167 14663 4544
1018 74 208 1979 3554 2053 3762
1019 489 234 13137 13211 13626 13445
1020 209 461 11938 10881 12147 11342
1021 231 103 0 7702 231 7805
1022 245 137 245 9014 490 9151
1023 432 462 12531 10417 12963 10879
1024 298 459 11316 9961 11614 10420
1025 488 56 13051 12399 13539 12455
1026 311 288 8896 1525 9207 1813
1027 358 240 13277 1720 13635 1960
1028 402 345 9694 8041 10096 8386
1029 285 325 7685 4100 7970 4425
1030 297 429 8100 13492 8397 13921
1031 403 99 9694 8494 10097 8593
1032 54 379 15060 4572 15114 4951
1033 207 378 15445 3436 15652 3814
1034 415 449 10463 14395 10878 14844
1035 242 52 1153 7836 1395 7888
1036 59 343 10811 342 10870 685
1037 172 431 8201 13921 8373 14352
1038 282 89 2751 10681 3033 10770
1039 223 56 3547 4706 3770 4762
1040 406 184 8804 9081 9210 9265
1041 403 491 13630 13445 14033 13936
1042 58 98 211 349 269 447
1043 81 255 977 10050 1058 10305
1044 245 496 13633 15644 13878 16140
1045 322 397 7932 10977 8254 11374
1046 144 324 7685 3776 7829 4100
1047 73 253 0 11556 73 11809
1048 88 128 1334 725 1422 853
1049 409 121 8399 10283 8808 10404
1050 387 238 6138 8395 6525 8633
1051 137 491 11316 14160 11453 14651
1052 363 180 14734 2477 15097 2657
1053 398 455 11893 9049 12291 9504
1054 155 435 9205 11768 9360 12203
1055 31 76 197 0 228 76
1056 177 318 10277 2178 10454 2496
1057 371 495 13315 15149 13686 15644
1058 47 236 1153 5609 1200 5845
1059 74 135 172 1645 246 1780
1060 210 242 1245 8061 1455 8303
1061 336 494 14260 14160 14596 14654
1062 365 357 10454 3557 10819 3914
1063 373 495 14345 14654 14718 15149
1064 185 485 12315 11911 12500 12396
1065 192 171 5385 190 5577 361
1066 257 336 8181 5415 8438 5751
1067 156 275 4886 7749 5042 8024
1068 165 371 10745 6248 10910 6619
1069 409 51 8808 10283 9217 10334
1070 58 394 6933 10970 6991 11364
1071 377 380 15137 5332 15514 5712
1072 83 94 66 349 149 443
1073 493 142 11316 15325 11809 15467
1074 397 412 6138 12180 6535 12592
1075 139 457 12562 7237 12701 7694
1076 303 350 10712 2372 11015 2722
1077 207 380 13273 6092 13480 6472
1078 116 435 8874 13454 8990 13889
1079 385 418 7509 12638 7894 13056
1080 268 494 14596 14160 14864 14654
1081 40 405 10888 7237 10928 7642
1082 308 85 8718 972 9026 1057
1083 321 393 6515 10577 6836 10970
1084 67 188 4103 0 4170 188
1085 439 373 9676 12404 10115 12777
1086 146 462 12297 10417 12443 10879
1087 407 496 15337 11911 15744 12407
1088 430 465 12914 11252 13344 11717
1089 257 478 13966 10552 14223 11030
1090 491 38 13630 13936 14121 13974
1091 259 118 952 13199 1211 13317
1092 254 128 0 12489 254 12617
1093 84 319 6424 3631 6508 3950
1094 318 495 13315 15644 13633 16139
1095 132 125 76 1472 208 1597
1096 444 258 9150 14321 9594 14579
1097 367 180 11188 4960 11555 5140
1098 417 275 7678 12185 8095 12460
1099 148 111 1082 1649 1230 1760
1100 65 191 5128 0 5193 191
1101 361 399 8399 8035 8760 8434
1102 217 374 12359 5665 12576 6039
1103 35 103 431 349 466 452
1104 71 272 5540 5746 5611 6018
1105 488 318 13051 12893 13539 13211
1106 36 69 100 112 136 181
1107 118 496 13937 15645 14055 16141
1108 208 450 11064 14844 11272 15294
1109 411 179 9219 10859 9630 11038
1110 461 493 13315 14160 13776 14653
1111 331 351 12327 1386 12658 1737
1112 85 323 7859 3452 7944 3775
1113 57 105 105 655 162 760
1114 440 461 11316 10881 11756 11342
1115 352 132 11963 2309 12315 2441
1116 224 499 16032 12409 16256 12908
1117 352 201 12919 202 13271 403
1118 305 331 8181 3642 8486 3973
1119 57 390 6939 7626 6996 8016
1120 226 457 12701 7694 12927 8151
1121 394 475 15799 7237 16193 7712
1122 450 477 14294 10075 14744 10552
1123 174 292 4505 12355 4679 12647
1124 184 454 11316 9049 11500 9503
1125 310 197 8582 1184 8892 1381
1126 462 456 12297 9961 12759 10417
1127 361 88 12919 3069 13280 3157
1128 62 402 10592 7237 10654 7639
1129 82 401 9612 8035 9694 8436
1130 160 247 1739 8937 1899 9184
1131 402 278 10096 8041 10498 8319
1132 154 281 4381 8749 4535 9030
1133 384 143 14469 6394 14853 6537
1134 111 175 3708 349 3819 524
1135 318 419 7839 13057 8157 13476
1136 255 433 7487 14784 7742 15217
1137 328 309 6465 5822 6793 6131
1138 298 473 14454 8653 14752 9126
1139 84 417 8033 11768 8117 12185
1140 267 108 3018 7791 3285 7899
1141 351 385 15352 5712 15703 6097
1142 147 224 196 5204 343 5428
1143 240 392 6275 10185 6515 10577
1144 110 460 11673 9961 11783 10421
1145 193 413 7203 12180 7396 12593
1146 74 199 5228 1142 5302 1341
1147 246 360 13335 1988 13581 2348
1148 92 49 608 92 700 141
1149 431 471 15086 7237 15517 7708
1150 90 377 14663 4167 14753 4544
1151 209 86 2129 3831 2338 3917
1152 164 200 5616 944 5780 1144
1153 314 380 15387 4572 15701 4952
1154 281 334 9641 3738 9922 4072
1155 114 492 11453 14160 11567 14652
1156 81 429 8019 13492 8100 13921
1157 313 35 7963 2650 8276 2685
1158 50 496 14055 15645 14105 16141
1159 180 230 78 6626 258 6856
1160 403 473 14454 9126 14857 9599
1161 266 182 3210 7603 3476 7785
1162 219 231 0 7471 219 7702
1163 101 336 8606 5079 8707 5415
1164 318 219 9298 2656 9616 2875
1165 164 472 14454 8180 14618 8652
1166 105 447 9955 13946 10060 14393
1167 203 351 11924 1386 12127 1737
1168 229 435 8928 12636 9157 13071
1169 354 60 13273 532 13627 592
1170 249 350 11429 1386 11678 1736
1171 231 154 0 7317 231 7471
1172 243 444 8706 15095 8949 15539
1173 132 301 6466 1602 6598 1903
1174 35 301 6431 1602 6466 1903
1175 50 131 1814 0 1864 131
1176 339 376 13929 4167 14268 4543
1177 196 349 10454 2721 10650 3070
1178 225 483 15562 10129 15787 10612
1179 463 65 12963 10341 13426 10406
1180 474 185 14857 8180 15331 8365
1181 309 499 14899 13227 15208 13726
1182 32 402 10286 7639 10318 8041
1183 482 112 15486 9741 15968 9853
1184 430 496 14356 15149 14786 15645
1185 46 468 13722 8170 13768 8638
1186 176 193 5183 553 5359 746
1187 44 330 8332 3312 8376 3642
1188 289 351 11674 2086 11963 2437
1189 213 468 13768 8638 13981 9106
1190 59 460 11614 9961 11673 10421
1191 259 401 9694 7237 9953 7638
1192 281 338 9322 4743 9603 5081
1193 278 151 3029 8998 3307 9149
1194 313 338 9322 5081 9635 5419
1195 480 482 14926 10129 15406 10611
1196 294 142 3045 14805 3339 14947
1197 82 466 13955 7237 14037 7703
1198 326 286 6788 4787 7114 5073
1199 365 101 11184 3436 11549 3537
1200 156 483 15406 10129 15562 10612
1201 128 437 9251 13071 9379 13508
1202 322 345 10454 687 10776 1032
1203 280 149 4046 8879 4326 9028
1204 148 398 8621 7635 8769 8033
1205 185 86 3044 2759 3229 2845
1206 92 468 13768 9106 13860 9574
1207 222 261 2788 5204 3010 5465
1208 248 152 1314 9522 1562 9674
1209 347 458 12701 8153 13048 8611
1210 79 286 4282 11615 4361 11901
1211 89 110 713 0 802 110
1212 125 307 8225 467 8350 774
1213 365 46 10454 4069 10819 4115
1214 407 389 8399 9640 8806 10029
1215 124 177 3948 875 4072 1052
1216 199 320 6591 3632 6790 3952
1217 246 83 245 9461 491 9544
1218 262 307 7963 467 8225 774
1219 181 201 5780 944 5961 1145
1220 305 332 8707 4386 9012 4718
1221 248 302 6431 1903 6679 2205
1222 481 88 15486 9599 15967 9687
1223 330 450 10651 14844 10981 15294
1224 416 71 6138 13421 6554 13492
1225 105 200 5501 1142 5606 1342
1226 76 164 2281 1898 2357 2062
1227 416 452 11702 7237 12118 7689
1228 248 185 1314 9827 1562 10012
1229 137 392 6138 10185 6275 10577
1230 59 228 1076 5204 1135 5432
1231 193 261 2751 5465 2944 5726
1232 34 72 100 183 134 255
1233 268 381 13682 6474 13950 6855
1234 210 164 2625 3447 2835 3611
1235 235 449 10031 14844 10266 15293
1236 365 180 10819 3557 11184 3737
1237 357 200 13275 1155 13632 1355
1238 329 222 6467 6394 6796 6616
1239 443 280 8706 13946 9149 14226
1240 313 480 14223 10552 14536 11032
1241 447 499 15208 13227 15655 13726
1242 86 194 5359 361 5445 555
1243 44 334 9374 3738 9418 4072
1244 211 335 8271 5078 8482 5413
1245 364 252 15097 2477 15461 2729
1246 105 481 15381 9599 15486 10080
1247 197 213 3255 3347 3452 3560
1248 200 49 5228 1341 5428 1390
1249 348 210 10802 1890 11150 2100
1250 182 66 3407 1955 3589 2021
1251 296 282 4563 14189 4859 14471
1252 172 373 12035 5830 12207 6203
1253 49 91 516 0 565 91
1254 294 63 2751 14805 3045 14868
1255 284 434 8192 14352 8476 14786
1256 77 196 4570 944 4647 1140
1257 325 132 6788 4655 7113 4787
1258 91 233 566 7132 657 7365
1259 96 112 1137 112 1233 224
1260 313 457 12701 7237 13014 7694
1261 493 205 11809 15467 12302 15672
1262 256 460 11377 10421 11633 10881
1263 61 460 11316 10421 11377 10881
1264 284 151 3156 11519 3440 11670
1265 235 408 9543 9296 9778 9704
1266 69 426 6768 14571 6837 14997
1267 240 452 11316 7689 11556 8141
1268 243 405 11033 7642 11276 8047
1269 246 52 576 9817 822 9869
1270 211 368 12268 3783 12479 4151
1271 158 90 1885 1773 2043 1863
1272 43 112 1094 112 1137 224
1273 60 284 2959 11237 3019 11521
1274 444 214 9149 13946 9593 14160
1275 366 315 10454 4316 10820 4631
1276 390 214 7300 7237 7690 7451
1277 275 312 8335 1860 8610 2172
1278 231 374 12576 5665 12807 6039
1279 193 449 10878 14395 11071 14844
1280 403 98 10097 8386 10500 8484
1281 401 417 8117 11768 8518 12185
1282 92 464 12358 10880 12450 11344
1283 117 305 7135 2210 7252 2515
1284 405 216 8399 8959 8804 9175
1285 310 198 9202 1184 9512 1382
1286 140 333 9234 3312 9374 3645
1287 308 211 8410 761 8718 972
1288 107 238 1242 7267 1349 7505
1289 226 458 13045 7237 13271 7695
1290 55 160 1574 2191 1629 2351
1291 236 292 3646 13229 3882 13521
1292 278 120 2751 8749 3029 8869
1293 50 92 614 0 664 92
1294 171 197 4411 1634 4582 1831
1295 276 476 14401 9599 14677 10075
1296 237 339 8990 5420 9227 5759
1297 493 243 11316 15467 11809 15710
1298 183 210 2129 4127 2312 4337
1299 271 400 9169 8035 9440 8435
1300 61 316 9610 2023 9671 2339
1301 51 221 5263 4131 5314 4352
1302 40 306 7923 2210 7963 2516
1303 94 339 9227 5420 9321 5759
1304 425 233 6768 14338 7193 14571
1305 413 450 10651 15294 11064 15744
1306 159 460 13282 8612 13441 9072
1307 172 400 9440 8035 9612 8435
1308 37 350 11678 1736 11715 2086
1309 222 77 3344 4443 3566 4520
1310 367 299 11188 5176 11555 5475
1311 311 31 8585 1398 8896 1429
1312 198 306 7725 2210 7923 2516
1313 194 466 13571 7702 13765 8168
1314 385 450 10266 14844 10651 15294
1315 285 381 13334 6855 13619 7236
1316 301 378 15144 3814 15445 4192
1317 54 175 3747 174 3801 349
1318 164 395 7831 10185 7995 10580
1319 416 427 6837 14571 7253 14998
1320 166 459 13116 8612 13282 9071
1321 104 238 1352 6795 1456 7033
1322 336 188 8181 5812 8517 6000
1323 310 170 8892 1184 9202 1354
1324 308 255 7963 774 8271 1029
1325 71 427 7487 13492 7558 13919
1326 238 252 0 11302 238 11554
1327 419 494 13705 14653 14124 15147
1328 410 490 14094 11911 14504 12401
1329 217 466 14037 7237 14254 7703
1330 471 136 14454 8031 14925 8167
1331 130 335 8476 4743 8606 5078
1332 329 407 9214 9296 9543 9703
1333 185 66 3230 2638 3415 2704
1334 208 283 2751 11237 2959 11520
1335 31 346 11540 692 11571 1038
1336 429 472 15370 7708 15799 8180
1337 164 164 2117 1898 2281 2062
1338 259 468 13811 8170 14070 8638
1339 282 203 2751 10770 3033 10973
1340 125 166 1720 2482 1845 2648
1341 409 116 10035 10283 10444 10399
1342 293 250 3044 13599 3337 13849
1343 93 382 14123 5712 14216 6094
1344 92 59 516 141 608 200
1345 309 214 7963 1073 8272 1287
1346 142 256 213 12815 355 13071
1347 268 51 3018 8297 3286 8348
1348 55 385 15459 6097 15514 6482
1349 353 226 13977 188 14330 414
1350 151 330 8181 3312 8332 3642
1351 278 411 9219 10448 9497 10859
1352 152 374 12207 5665 12359 6039
1353 270 218 4948 5742 5218 5960
1354 154 333 9752 3312 9906 3645
1355 91 189 4526 176 4617 365
1356 397 412 7112 11768 7509 12180
1357 49 396 7394 11372 7443 11768
1358 92 419 7894 12638 7986 13057
1359 145 379 15586 3814 15731 4193
1360 403 487 12648 11911 13051 12398
1361 463 380 12963 9961 13426 10341
1362 42 394 6138 11363 6180 11757
1363 181 264 3500 5789 3681 6053
1364 173 399 9032 7237 9205 7636
1365 145 405 10888 7642 11033 8047
1366 239 468 13926 9106 14165 9574
1367 158 480 15177 9599 15335 10079
1368 249 386 6138 7622 6387 8008
1369 165 272 5611 5746 5776 6018
1370 41 210 2312 4263 2353 4473
1371 329 218 6138 6394 6467 6612
1372 243 164 1455 7923 1698 8087
1373 411 75 9219 11038 9630 11113
1374 126 338 8990 5080 9116 5418
1375 297 470 14789 7237 15086 7707
1376 251 480 14926 9599 15177 10079
1377 404 75 10097 8494 10501 8569
1378 87 385 14884 6096 14971 6481
1379 129 429 8397 13492 8526 13921
1380 278 384 14971 6096 15249 6480
1381 365 91 10819 3436 11184 3527
1382 214 271 5476 5204 5690 5475
1383 360 421 8346 12638 8706 13059
1384 439 159 10115 12777 10554 12936
1385 300 421 6138 13492 6438 13913
1386 143 375 13025 5665 13168 6040
1387 387 412 6444 11768 6831 12180
1388 109 210 2516 4263 2625 4473
1389 370 315 10454 5876 10824 6191
1390 76 449 9955 14844 10031 15293
1391 106 301 6138 1602 6244 1903
1392 158 134 1416 1938 1574 2072
1393 167 170 2877 1898 3044 2068
1394 248 48 1562 9827 1810 9875
1395 138 314 8258 2685 8396 2999
1396 43 467 13768 8170 13811 8637
1397 496 394 14899 12407 15395 12801
1398 452 463 12963 10406 13415 10869
1399 242 87 1455 7836 1697 7923
1400 395 490 14504 11911 14899 12401
1401 57 466 13765 7702 13822 8168
1402 190 371 10843 5877 11033 6248
1403 242 346 12100 0 12342 346
1404 192 216 3837 3775 4029 3991
1405 124 200 5325 1390 5449 1590
1406 440 202 9676 13376 10116 13578
1407 81 162 1813 2191 1894 2353
1408 384 299 14469 6095 14853 6394
1409 173 261 877 14407 1050 14668
1410 237 295 4551 13599 4788 13894
1411 407 344 8399 9296 8806 9640
1412 377 95 13650 4919 14027 5014
1413 275 378 14869 3814 15144 4192
1414 150 461 12147 10881 12297 11342
1415 362 194 12919 3157 13281 3351
1416 299 198 7378 447 7677 645
1417 312 443 10617 12980 10929 13423
1418 482 54 15486 9687 15968 9741
1419 278 238 5208 7391 5486 7629
1420 500 261 15655 14081 16155 14342
1421 261 454 11316 9503 11577 9957
1422 281 434 8924 11768 9205 12202
1423 406 424 6138 14761 6544 15185
1424 285 145 4008 11237 4293 11382
1425 303 376 13424 4167 13727 4543
1426 54 378 14753 4544 14807 4922
1427 147 318 10277 1860 10424 2178
1428 221 456 12291 9049 12512 9505
1429 175 278 5555 7056 5730 7334
1430 254 173 0 12062 254 12235
1431 245 226 0 9014 245 9240
1432 491 231 13139 13929 13630 14160
1433 354 239 13627 532 13981 771
1434 251 201 512 10549 763 10750
1435 353 202 13271 0 13624 202
1436 493 315 12302 15459 12795 15774
1437 439 102 10115 12404 10554 12506
1438 409 254 8399 10029 8808 10283
1439 391 370 7690 7237 8081 7607
1440 148 115 141 2012 289 2127
1441 367 36 11188 5140 11555 5176
1442 74 475 13892 10074 13966 10549
1443 410 155 8399 11028 8809 11183
1444 243 422 6800 13492 7043 13914
1445 126 360 13199 2348 13325 2708
1446 365 283 14922 2772 15287 3055
1447 110 84 162 884 272 968
1448 67 459 13116 8153 13183 8612
1449 411 492 12238 14832 12649 15324
1450 325 167 6463 4425 6788 4592
1451 282 170 2751 10511 3033 10681
1452 36 48 0 0 36 48
1453 365 43 14922 2729 15287 2772
1454 387 488 13051 11911 13438 12399
1455 305 453 12118 7237 12423 7690
1456 230 303 7314 1905 7544 2208
1457 104 137 555 1244 659 1381
1458 247 483 15787 10129 16034 10612
1459 209 491 14033 13445 14242 13936
1460 465 234 12914 11018 13379 11252
1461 180 86 3044 1725 3224 1811
1462 451 336 10717 15744 11168 16080
1463 265 187 2751 6906 3016 7093
1464 328 477 13966 10075 14294 10552
1465 293 89 3044 13849 3337 13938
1466 311 227 8274 1633 8585 1860
1467 408 485 11316 12396 11724 12881
1468 207 487 12767 12398 12974 12885
1469 309 111 7963 1287 8272 1398
1470 421 171 8157 13059 8578 13230
1471 410 264 8399 10764 8809 11028
1472 269 243 3556 8506 3825 8749
1473 287 335 10105 4073 10392 4408
1474 46 257 2101 10050 2147 10307
1475 207 414 6786 12593 6993 13007
1476 282 337 8685 5415 8967 5752
1477 130 65 1329 1065 1459 1130
1478 145 397 8254 10977 8399 11374
1479 89 222 3255 4352 3344 4574
1480 488 438 13051 12455 13539 12893
1481 206 385 6138 7237 6344 7622
1482 69 232 497 7549 566 7781
1483 236 204 1414 5965 1650 6169
1484 173 272 5923 5204 6096 5476
1485 470 324 14454 7707 14924 8031
1486 159 196 4411 944 4570 1140
1487 492 472 12238 14160 12730 14632
1488 182 372 11289 5507 11471 5879
1489 52 392 6138 10577 6190 10969
1490 234 428 7253 14571 7487 14999
1491 266 215 3476 7208 3742 7423
1492 83 320 6508 3632 6591 3952
1493 450 492 11567 14160 12017 14652
1494 160 485 11706 11911 11866 12396
1495 390 479 14536 10552 14926 11031
1496 56 189 4411 365 4467 554
1497 170 465 13344 11252 13514 11717
1498 245 142 1641 8548 1886 8690
1499 66 346 12034 0 12100 346
1500 284 46 3724 11624 4008 11670
1501 31 388 6594 9021 6625 9409
1502 62 266 3852 6584 3914 6850
1503 403 108 9694 8386 10097 8494
1504 163 423 7043 13915 7206 14338
1505 337 342 10811 0 11148 342
1506 145 333 9906 3312 10051 3645
1507 497 426 14899 12801 15396 13227
1508 228 42 584 5659 812 5701
1509 167 320 7007 3632 7174 3952
1510 71 297 7008 277 7079 574
1511 93 458 13271 7237 13364 7695
1512 55 280 4326 8749 4381 9029
1513 285 117 2999 11984 3284 12101
1514 116 377 14753 4167 14869 4544
1515 254 347 12120 692 12374 1039
1516 200 351 12127 1386 12327 1737
1517 227 413 6138 12593 6365 13006
1518 187 184 3415 3062 3602 3246
1519 104 315 9191 2175 9295 2490
1520 340 391 7058 8291 7398 8682
1521 118 458 12927 7694 13045 8152
1522 405 122 8804 8959 9209 9081
1523 273 412 6535 12180 6808 12592
1524 42 217 4511 3347 4553 3564
1525 306 393 6190 10577 6496 10970
1526 203 391 7668 8557 7871 8948
1527 98 302 6285 2205 6383 2507
1528 355 416 7678 11768 8033 12184
1529 307 57 8577 0 8884 57
1530 120 226 584 5204 704 5430
1531 352 48 11963 2778 12315 2826
1532 400 193 8399 8434 8799 8627
1533 438 303 10114 12101 10552 12404
1534 300 298 7079 1005 7379 1303
1535 117 297 6399 0 6516 297
1536 352 107 12919 0 13271 107
1537 164 46 1416 2354 1580 2400
1538 235 224 1153 5288 1388 5512
1539 59 83 327 0 386 83
1540 327 59 6465 5627 6792 5686
1541 363 130 14734 2347 15097 2477
1542 306 402 10286 7237 10592 7639
1543 57 56 132 56 189 112
1544 288 498 15744 12409 16032 12907
1545 78 305 7135 2820 7213 3125
1546 244 77 1397 8330 1641 8407
1547 116 486 12391 12396 12507 12882
1548 44 62 0 173 44 235
1549 47 197 4719 1336 4766 1533
1550 91 274 4600 6808 4691 7082
1551 482 276 15486 9853 15968 10129
1552 261 351 12658 1386 12919 1737
1553 265 453 11556 7689 11821 8142
1554 116 237 1153 6793 1269 7030
1555 130 95 1329 943 1459 1038
1556 365 344 11184 3537 11549 3881
1557 173 82 3335 0 3508 82
1558 490 437 12648 13445 13138 13882
1559 107 201 0 3347 107 3548
1560 75 419 8157 12638 8232 13057
1561 101 224 0 5428 101 5652
1562 32 304 7544 1906 7576 2210
1563 266 188 3476 7603 3742 7791
1564 339 391 7871 8557 8210 8948
1565 98 363 14636 1988 14734 2351
1566 404 366 9694 8593 10098 8959
1567 71 458 13045 7695 13116 8153
1568 438 333 9676 11768 10114 12101
1569 444 453 12118 7690 12562 8143
1570 261 436 8990 13454 9251 13890
1571 39 106 66 655 105 761
1572 35 239 1578 6319 1613 6558
1573 143 251 124 11051 267 11302
1574 302 483 15562 10612 15864 11095
1575 352 337 11963 2441 12315 2778
1576 328 467 14126 7703 14454 8170
1577 277 32 5208 7359 5485 7391
1578 50 423 7043 13492 7093 13915
1579 404 146 10098 8593 10502 8739
1580 76 471 15517 7237 15593 7708
1581 234 293 4076 13230 4310 13523
1582 89 293 4076 12937 4165 13230
1583 490 484 13138 13445 13628 13929
1584 246 163 330 9638 576 9801
1585 462 500 15776 13227 16238 13727
1586 224 224 196 5428 420 5652
1587 143 225 0 5876 143 6101
1588 444 316 9150 14682 9594 14998
1589 345 368 11923 3783 12268 4151
1590 273 380 15114 4572 15387 4952
1591 224 462 11938 11342 12162 11804
1592 171 324 7514 4100 7685 4424
1593 192 154 5193 190 5385 344
1594 160 115 1893 2013 2053 2128
1595 391 288 7300 7878 7691 8166
1596 164 128 1580 2354 1744 2482
1597 60 313 8741 1860 8801 2173
1598 410 268 8399 10448 8809 10716
1599 176 60 3592 1035 3768 1095
1600 49 425 6544 14761 6593 15186
1601 480 199 13571 11509 14051 11708
1602 296 95 4563 14692 4859 14787
1603 480 62 13571 11447 14051 11509
1604 197 380 13480 6092 13677 6472
1605 330 419 7509 13057 7839 13476
1606 246 131 822 9638 1068 9769
1607 191 379 14869 4572 15060 4951
1608 49 92 565 0 614 92
1609 179 319 6508 3312 6687 3631
1610 500 354 15655 13727 16155 14081
1611 49 305 7676 2210 7725 2515
1612 244 37 1641 8330 1885 8367
1613 192 204 203 3752 395 3956
1614 311 143 7963 1633 8274 1776
1615 240 152 1859 6799 2099 6951
1616 287 248 4706 11787 4993 12035
1617 122 292 4679 12355 4801 12647
1618 219 305 7213 2820 7432 3125
1619 484 493 13776 14160 14260 14653
1620 391 432 7801 14352 8192 14784
1621 325 459 13183 8153 13508 8612
1622 335 469 14454 7237 14789 7706
1623 408 198 8806 9640 9214 9838
1624 181 379 14869 4951 15050 5330
1625 310 395 7521 10185 7831 10580
1626 298 40 6436 574 6734 614
1627 437 489 13657 11911 14094 12400
1628 450 497 15744 11911 16194 12408
1629 367 339 10454 4960 10821 5299
1630 321 475 13571 10074 13892 10549
1631 158 40 1416 1898 1574 1938
1632 97 434 8476 14352 8573 14786
1633 320 453 12118 8596 12438 9049
1634 353 330 13271 202 13624 532
1635 209 179 2129 3511 2338 3690
1636 139 383 14745 5712 14884 6095
1637 228 49 584 5930 812 5979
1638 134 458 13364 7237 13498 7695
1639 59 434 8706 11768 8765 12202
1640 102 130 1227 1052 1329 1182
1641 347 485 11724 12396 12071 12881
1642 63 434 8603 14786 8666 15220
1643 342 361 13260 2708 13602 3069
1644 105 375 13168 5665 13273 6040
1645 138 112 555 1548 693 1660
1646 356 270 13275 885 13631 1155
1647 194 205 395 3752 589 3957
1648 461 325 11316 11342 11777 11667
1649 244 370 10843 5507 11087 5877
1650 167 133 1955 2648 2122 2781
1651 142 333 9374 3405 9516 3738
1652 156 463 13415 10406 13571 10869
1653 399 431 7802 13921 8201 14352
1654 374 364 11727 6203 12101 6567
1655 36 253 237 11556 273 11809
1656 76 240 1783 6319 1859 6559
1657 281 136 3169 10207 3450 10343
1658 56 224 343 5204 399 5428
1659 492 200 12238 14632 12730 14832
1660 130 174 3592 0 3722 174
1661 129 168 2523 2066 2652 2234
1662 121 135 51 1779 172 1914
1663 191 190 5193 0 5384 190
1664 86 395 7149 10185 7235 10580
1665 302 320 7035 3312 7337 3632
1666 114 423 7206 13915 7320 14338
1667 408 173 9214 9840 9622 10013
1668 243 111 1455 8087 1698 8198
1669 151 467 13571 8170 13722 8637
1670 47 205 790 3347 837 3552
1671 314 431 7487 14352 7801 14783
1672 33 290 2751 13221 2784 13511
1673 374 100 12101 6203 12475 6303
1674 330 73 6796 6131 7126 6204
1675 322 140 7685 3312 8007 3452
1676 491 219 12648 13929 13139 14148
1677 154 453 12118 8143 12272 8596
1678 63 381 13619 6474 13682 6855
1679 375 374 13648 3436 14023 3810
1680 461 244 11316 11667 11777 11911
1681 247 381 13701 6093 13948 6474
1682 234 402 10654 7237 10888 7639
1683 123 376 13929 4543 14052 4919
1684 176 160 3592 875 3768 1035
1685 132 48 76 1597 208 1645
1686 61 464 12297 10880 12358 11344
1687 114 387 6459 7237 6573 7624
1688 85 494 14260 14654 14345 15148
1689 45 346 11571 692 11616 1038
1690 400 202 8399 8627 8799 8829
1691 120 435 8808 12636 8928 13071
1692 280 233 2922 9172 3202 9405
1693 464 423 12450 10880 12914 11303
1694 438 263 9676 12101 10114 12364
1695 330 57 6796 6415 7126 6472
1696 439 140 9676 12777 10115 12917
1697 268 107 2751 8406 3019 8513
1698 369 423 6138 14338 6507 14761
1699 366 112 10454 4765 10820 4877
1700 47 381 13948 6093 13995 6474
1701 122 214 3255 3775 3377 3989
1702 48 122 1055 552 1103 674
1703 68 458 13048 8153 13116 8611
1704 99 336 8606 4743 8705 5079
1705 112 346 11922 0 12034 346
1706 444 361 8706 14321 9150 14682
1707 261 423 6507 14338 6768 14761
1708 182 99 3225 2124 3407 2223
1709 91 239 1521 6558 1612 6797
1710 387 443 10929 12980 11316 13423
1711 489 182 12648 13211 13137 13393
1712 279 139 3487 9033 3766 9172
1713 55 88 392 167 447 255
1714 364 362 14194 2729 14558 3091
1715 442 84 9676 13578 10118 13662
1716 110 166 1845 2482 1955 2648
1717 435 476 13966 9599 14401 10075
1718 217 428 7802 13492 8019 13920
1719 215 491 14242 13445 14457 13936
1720 383 411 9497 10448 9880 10859
1721 341 361 12919 2708 13260 3069
1722 70 277 5485 7056 5555 7333
1723 444 413 8706 14682 9150 15095
1724 242 366 11186 4069 11428 4435
1725 91 165 2432 2063 2523 2228
1726 451 426 10266 15744 10717 16170
1727 133 199 5368 1142 5501 1341
1728 395 477 13571 10552 13966 11029
1729 465 138 12914 10880 13379 11018
1730 317 484 15864 10612 16181 11096
1731 310 421 6438 13492 6748 13913
1732 138 499 15246 13726 15384 14225
1733 93 81 608 141 701 222
1734 40 304 7687 1602 7727 1906
1735 157 460 11673 10421 11830 10881
1736 106 95 162 655 268 750
1737 393 222 6515 10355 6908 10577
1738 171 467 13955 7703 14126 8170
1739 137 173 3044 0 3181 173
1740 347 499 14899 13726 15246 14225
1741 48 113 1258 224 1306 337
1742 493 134 12302 15325 12795 15459
1743 114 420 8232 12638 8346 13058
1744 350 109 11062 3072 11412 3181
1745 140 385 15703 5712 15843 6097
1746 445 397 8706 15539 9151 15936
1747 62 88 330 167 392 255
1748 40 124 927 790 967 914
1749 323 448 9955 14393 10278 14841
1750 313 465 13642 7237 13955 7702
1751 194 292 3882 13229 4076 13521
1752 78 303 6875 2811 6953 3114
1753 100 249 650 10050 750 10299
1754 352 223 11963 2086 12315 2309
1755 267 144 2751 7791 3018 7935
1756 354 114 12919 771 13273 885
1757 53 113 1164 224 1217 337
1758 155 205 202 3956 357 4161
1759 129 372 11160 6248 11289 6620
1760 70 343 11201 0 11271 343
1761 396 444 8949 15095 9345 15539
1762 182 461 11756 10881 11938 11342
1763 407 209 8806 9296 9213 9505
1764 63 240 1906 6319 1969 6559
1765 189 405 10928 7237 11117 7642
1766 332 422 6468 13913 6800 14335
1767 411 434 8192 14786 8603 15220
1768 478 101 13571 11030 14049 11131
1769 345 388 6594 8633 6939 9021
1770 213 350 10712 2722 10925 3072
1771 118 218 4858 3653 4976 3871
1772 49 55 45 50 94 105
1773 282 493 13033 14160 13315 14653
1774 119 487 12648 12398 12767 12885
1775 298 247 6138 719 6436 966
1776 319 37 9298 2952 9617 2989
1777 247 180 1899 8937 2146 9117
1778 78 230 0 6626 78 6856
1779 98 461 12162 11342 12260 11803
1780 332 153 8707 4058 9039 4211
1781 125 414 6661 12593 6786 13007
1782 121 231 97 7086 218 7317
1783 236 151 1414 5814 1650 5965
1784 151 165 2281 2063 2432 2228
1785 174 295 4389 14484 4563 14779
1786 273 215 5504 6235 5777 6450
1787 248 212 1899 9117 2147 9329
1788 406 490 14094 12401 14500 12891
1789 287 172 4706 11615 4993 11787
1790 390 494 13315 14653 13705 15147
1791 180 207 1949 3347 2129 3554
1792 356 63 14691 532 15047 595
1793 419 496 13937 15149 14356 15645
1794 221 492 12017 14160 12238 14652
1795 320 486 12071 12396 12391 12882
1796 244 428 7558 13492 7802 13920
1797 217 89 4553 3347 4770 3436
1798 493 128 12795 15325 13288 15453
1799 96 259 0 13669 96 13928
1800 297 437 9379 13071 9676 13508
1801 83 145 1211 1244 1294 1389
1802 390 484 11316 11911 11706 12395
1803 326 267 7114 4787 7440 5054
1804 122 240 2080 6319 2202 6559
1805 181 447 9774 15479 9955 15926
1806 174 313 8801 1860 8975 2173
1807 255 58 255 12617 510 12675
1808 263 238 3500 5551 3763 5789
1809 410 316 8809 10448 9219 10764
1810 223 151 3770 5053 3993 5204
1811 168 458 12701 8611 12869 9069
1812 137 314 8121 2685 8258 2999
1813 330 422 6138 13913 6468 14335
1814 186 110 3229 2898 3415 3008
1815 299 360 13807 1988 14106 2348
1816 444 95 8706 14226 9150 14321
1817 205 176 395 4132 600 4308
1818 366 134 10454 4631 10820 4765
1819 179 258 2572 10824 2751 11082
1820 101 216 3736 3775 3837 3991
1821 158 252 238 11302 396 11554
1822 381 382 13619 6855 14000 7237
1823 200 212 2731 4078 2931 4290
1824 61 438 9527 13508 9588 13946
1825 72 483 14926 10612 14998 11095
1826 74 341 10554 0 10628 341
1827 443 44 10617 12936 11060 12980
1828 299 61 7079 0 7378 61
1829 42 289 2751 12931 2793 13220
1830 290 302 6383 2205 6673 2507
1831 169 416 7509 11768 7678 12184
1832 70 498 16194 11911 16264 12409
1833 438 449 10463 13946 10901 14395
1834 299 258 7378 0 7677 258
1835 165 335 10105 4408 10270 4743
1836 91 328 6793 5627 6884 5955
1837 68 340 9321 5420 9389 5760
1838 355 408 9976 8959 10331 9367
1839 290 365 14922 3055 15212 3420
1840 219 488 13438 11911 13657 12399
1841 444 70 9150 14226 9594 14296
1842 176 196 4647 1140 4823 1336
1843 147 272 5776 5204 5923 5476
1844 71 465 13571 7237 13642 7702
1845 446 330 8706 15936 9152 16266
1846 244 485 12071 11911 12315 12396
1847 54 459 12869 8611 12923 9070
1848 167 166 1955 2482 2122 2648
1849 331 316 8679 3312 9010 3628
1850 198 408 9778 8959 9976 9367
1851 140 332 8348 4058 8488 4390
1852 107 318 9191 2656 9298 2974
1853 224 475 13571 9599 13795 10074
1854 168 436 8706 13454 8874 13890
1855 195 260 1718 13199 1913 13459
1856 236 333 9516 3405 9752 3738
1857 121 500 15655 13227 15776 13727
1858 372 267 10454 6734 10826 7001
1859 218 335 10105 3738 10323 4073
1860 39 303 7331 1602 7370 1905
1861 408 136 9214 9704 9622 9840
1862 438 496 14899 11911 15337 12407
1863 287 447 10060 13946 10347 14393
1864 367 208 10821 5299 11188 5507
1865 244 474 15284 8365 15528 8839
1866 369 195 12292 4226 12661 4421
1867 250 384 15102 5712 15352 6096
1868 40 446 9345 15095 9385 15541
1869 266 134 3210 7208 3476 7342
1870 406 215 9210 9081 9616 9296
1871 142 178 3819 1368 3961 1546
1872 389 447 9385 15479 9774 15926
1873 296 221 4563 14471 4859 14692
1874 427 474 14857 8365 15284 8839
1875 246 179 576 9638 822 9817
1876 367 402 9919 7638 10286 8040
1877 247 154 1560 8690 1807 8844
1878 153 329 6884 5627 7037 5956
1879 38 352 11429 2438 11467 2790
1880 144 456 12001 9505 12145 9961
1881 86 340 9389 5760 9475 6100
1882 373 81 12100 5507 12473 5588
1883 296 413 6365 12593 6661 13006
1884 436 383 8706 13071 9142 13454
1885 167 230 53 6856 220 7086
1886 384 493 12649 14832 13033 15325
1887 54 55 94 0 148 55
1888 39 104 475 349 514 453
1889 267 248 3285 8049 3552 8297
1890 409 165 9626 10283 10035 10448
1891 393 454 11500 9049 11893 9503
1892 96 232 730 6433 826 6665
1893 368 232 11923 3436 12291 3668
1894 409 153 9217 10283 9626 10436
1895 114 240 1612 6558 1726 6798
1896 316 317 9961 1860 10277 2177
1897 363 359 14734 1988 15097 2347
1898 268 195 3019 8406 3287 8601
1899 42 212 2940 3655 2982 3867
1900 418 178 8096 12460 8514 12638
1901 344 360 12991 1988 13335 2348
1902 208 234 862 7132 1070 7366
1903 358 362 14278 1988 14636 2350
1904 414 259 6138 13073 6552 13332
1905 212 84 2625 4290 2837 4374
1906 52 490 14500 12401 14552 12891
1907 208 50 2129 3347 2337 3397
1908 156 300 7715 705 7871 1005
1909 186 121 3044 2638 3230 2759
1910 84 362 14194 1988 14278 2350
1911 142 231 258 6433 400 6664
1912 284 282 3156 11237 3440 11519
1913 332 175 8707 4211 9039 4386
1914 120 123 713 923 833 1046
1915 61 123 866 790 927 913
1916 245 396 7149 11372 7394 11768
1917 100 340 10454 0 10554 340
1918 247 260 1471 13199 1718 13459
1919 193 251 744 10750 937 11001
1920 106 232 391 7549 497 7781
1921 438 289 10114 11768 10552 12057
1922 117 88 1697 403 1814 491
1923 222 396 7525 10580 7747 10976
1924 440 440 9676 12936 10116 13376
1925 419 460 11830 10421 12249 10881
1926 478 316 13571 11131 14049 11447
1927 355 256 13981 532 14336 788
1928 284 471 15086 7708 15370 8179
1929 227 255 1558 10050 1785 10305
1930 364 358 14558 2729 14922 3087
1931 152 473 14618 8180 14770 8653
1932 72 460 11783 9961 11855 10421
1933 88 463 12443 10417 12531 10880
1934 357 262 13989 885 14346 1147
1935 61 381 13273 6855 13334 7236
1936 285 118 2999 11866 3284 11984
1937 367 195 10820 4765 11187 4960
1938 280 206 2922 9405 3202 9611
1939 304 390 6996 7626 7300 8016
1940 136 320 6899 3312 7035 3632
1941 32 454 11577 9503 11609 9957
1942 300 483 14998 10612 15298 11095
1943 187 98 3601 2898 3788 2996
1944 225 402 9694 7638 9919 8040
1945 290 284 3066 13197 3356 13481
1946 386 452 11316 7237 11702 7689
1947 291 350 11015 2372 11306 2722
1948 141 271 5399 5746 5540 6017
1949 95 111 910 111 1005 222
1950 228 434 8808 12202 9036 12636
1951 33 414 6661 13007 6694 13421
1952 251 495 13686 15149 13937 15644
1953 229 149 584 6071 813 6220
1954 51 265 2751 6641 2802 6906
1955 39 290 2784 13221 2823 13511
1956 228 474 15528 8365 15756 8839
1957 184 401 9953 7237 10137 7638
1958 377 448 10901 13946 11278 14394
1959 44 72 134 183 178 255
1960 223 138 3566 4526 3789 4664
1961 387 225 6138 8008 6525 8233
1962 86 301 6138 1903 6224 2204
1963 180 31 3404 1725 3584 1756
1964 185 448 10278 14393 10463 14841
1965 418 130 7678 12460 8096 12590
1966 141 486 12507 11911 12648 12397
1967 33 264 4360 5789 4393 6053
1968 276 437 9251 13508 9527 13945
1969 52 256 403 12815 455 13071
1970 254 393 6138 10970 6392 11363
1971 307 176 7963 291 8270 467
1972 307 71 8270 291 8577 362
1973 130 122 1459 943 1589 1065
1974 108 131 1864 0 1972 131
1975 493 208 12795 15459 13288 15667
1976 226 360 13581 1988 13807 2348
1977 464 420 12450 11303 12914 11723
1978 270 391 7398 8291 7668 8682
1979 308 101 8410 972 8718 1073
1980 364 345 14558 3091 14922 3436
1981 115 189 4411 176 4526 365
1982 108 456 11893 9505 12001 9961
1983 66 468 13860 9106 13926 9574
1984 246 68 1068 9638 1314 9706
1985 281 412 6831 11768 7112 12180
1986 358 268 12919 1720 13277 1988
1987 211 208 2835 3447 3046 3655
1988 240 76 1394 7505 1634 7581
1989 243 269 4928 5204 5171 5473
1990 446 384 9385 15095 9831 15479
1991 43 434 8765 11768 8808 12202
1992 46 481 15335 9599 15381 10080
1993 108 320 6899 3632 7007 3952
1994 116 434 8808 11768 8924 12202
1995 306 411 6138 11768 6444 12179
1996 236 160 1414 5609 1650 5769
1997 413 67 6138 13006 6551 13073
1998 365 108 11184 3881 11549 3989
1999 43 163 2074 1898 2117 2061
