12243 12240
1000 274 146 5507 286 5781 432
1001 275 35 5507 432 5782 467
1002 291 341 6863 3271 7154 3612
1003 375 414 824 10548 1199 10962
1004 223 249 2746 1830 2969 2079
1005 305 244 10377 0 10682 244
1006 440 249 3895 10386 4335 10635
1007 265 181 1980 3259 2245 3440
1008 330 153 6974 1866 7304 2019
1009 113 271 5221 0 5334 271
1010 157 67 0 815 157 882
1011 372 413 193 10686 565 11099
1012 318 433 4348 8151 4666 8584
1013 136 210 4621 647 4757 857
1014 179 124 2064 551 2243 675
1015 442 252 4537 10386 4979 10638
1016 200 229 1276 1672 1476 1901
1017 377 306 1751 6013 2128 6319
1018 74 208 4461 438 4535 646
1019 234 489 5367 11647 5601 12136
1020 209 461 9439 5038 9648 5499
1021 231 103 154 2360 385 2463
1022 245 137 2224 1384 2469 1521
1023 432 462 9648 5038 10080 5500
1024 298 459 7747 7549 8045 8008
1025 56 488 6650 10235 6706 10723
1026 311 288 8897 1124 9208 1412
1027 240 358 11308 2524 11548 2882
1028 345 402 3454 6532 3799 6934
1029 285 325 5507 2190 5792 2515
1030 297 429 2775 9955 3072 10384
1031 99 403 3851 6412 3950 6815
1032 54 379 377 7178 431 7557
1033 378 207 0 6790 378 6997
1034 415 449 7755 4865 8170 5314
1035 52 242 1044 3082 1096 3324
1036 59 343 7228 3271 7287 3614
1037 172 431 4176 8151 4348 8582
1038 89 282 7047 336 7136 618
1039 56 223 1298 1448 1354 1671
1040 184 406 4537 6962 4721 7368
1041 403 491 8155 10235 8558 10726
1042 58 98 527 94 585 192
1043 255 81 3466 2654 3721 2735
1044 245 496 10676 10181 10921 10677
1045 322 397 4491 5601 4813 5998
1046 144 324 5678 1866 5822 2190
1047 253 73 3212 2226 3465 2299
1048 88 128 676 221 764 349
1049 409 121 1106 8151 1515 8272
1050 238 387 2563 4803 2801 5190
1051 137 491 8386 10726 8523 11217
1052 180 363 9495 3529 9675 3892
1053 398 455 5844 6756 6242 7211
1054 155 435 5045 9133 5200 9568
1055 31 76 190 49 221 125
1056 318 177 10747 813 11065 990
1057 495 371 10095 10537 10590 10908
1058 236 47 388 2930 624 2977
1059 135 74 1072 414 1207 488
1060 210 242 1131 2840 1341 3082
1061 494 336 9599 10201 10093 10537
1062 365 357 10323 3758 10688 4115
1063 495 373 9105 10537 9600 10910
1064 185 485 8026 9272 8211 9757
1065 171 192 2796 0 2967 192
1066 336 257 6513 3271 6849 3528
1067 275 156 5782 432 6057 588
1068 371 165 370 5150 741 5315
1069 51 409 0 9979 51 10388
1070 58 394 4576 4809 4634 5203
1071 377 380 0 7178 377 7558
1072 83 94 495 0 578 94
1073 142 493 10534 8303 10676 8796
1074 397 412 1503 9118 1900 9530
1075 139 457 6743 6977 6882 7434
1076 350 303 8410 2079 8760 2382
1077 207 380 511 7451 718 7831
1078 116 435 4929 9133 5045 9568
1079 385 418 799 11184 1184 11602
1080 494 268 9105 9782 9599 10050
1081 40 405 4537 6412 4577 6817
1082 308 85 11234 262 11542 347
1083 321 393 4255 4808 4576 5201
1084 67 188 2540 675 2607 863
1085 373 439 3273 11699 3646 12138
1086 146 462 10080 5038 10226 5500
1087 496 407 10676 8722 11172 9129
1088 430 465 11634 4881 12064 5346
1089 257 478 5683 8753 5940 9231
1090 491 38 7067 10725 7558 10763
1091 259 118 1980 3064 2239 3182
1092 254 128 3212 2299 3466 2427
1093 319 84 10747 729 11066 813
1094 495 318 10093 10201 10588 10519
1095 132 125 951 289 1083 414
1096 258 444 3895 11653 4153 12097
1097 180 367 299 4416 479 4783
1098 275 417 524 11184 799 11601
1099 148 111 676 704 824 815
1100 65 191 2731 0 2796 191
1101 399 361 2563 6171 2962 6532
1102 374 217 1711 4780 2085 4997
1103 35 103 624 0 659 103
1104 272 71 5507 0 5779 71
1105 488 318 5367 10942 5855 11260
1106 36 69 154 49 190 118
1107 496 118 10676 9129 11172 9247
1108 450 208 6601 5314 7051 5522
1109 411 179 1517 8735 1928 8914
1110 493 461 9553 8303 10046 8764
1111 351 331 9460 2330 9811 2661
1112 323 85 10530 1638 10853 1723
1113 57 105 446 287 503 392
1114 461 440 9097 4416 9558 4856
1115 352 132 9713 2673 10065 2805
1116 499 224 9604 10910 10103 11134
1117 201 352 9512 2673 9713 3025
1118 305 331 7290 2019 7595 2350
1119 57 390 3402 4416 3459 4806
1120 226 457 6386 7212 6612 7669
1121 394 475 10846 7128 11240 7603
1122 477 450 5367 8303 5844 8753
1123 292 174 6283 1213 6575 1387
1124 184 454 5628 6756 5812 7210
1125 310 197 8897 729 9207 926
1126 462 456 9097 5499 9559 5955
1127 361 88 8410 3871 8771 3959
1128 62 402 3392 6532 3454 6934
1129 82 401 2765 6932 2847 7333
1130 247 160 2227 2077 2474 2237
1131 278 402 3114 6532 3392 6934
1132 154 281 7183 55 7337 336
1133 384 143 1433 6990 1817 7133
1134 111 175 2361 0 2472 175
1135 318 419 1406 10390 1724 10809
1136 255 433 3785 8583 4040 9016
1137 309 328 6299 1866 6608 2194
1138 298 473 10534 6426 10832 6899
1139 417 84 524 11100 941 11184
1140 108 267 2846 3440 2954 3707
1141 385 351 1049 7800 1434 8151
1142 147 224 1410 1444 1557 1668
1143 392 240 3345 5529 3737 5769
1144 110 460 8720 7216 8830 7676
1145 193 413 0 10686 193 11099
1146 74 199 3487 0 3561 199
1147 246 360 11548 2524 11794 2884
1148 49 92 338 141 387 233
1149 471 431 9729 7834 10200 8265
1150 377 90 2128 6013 2505 6103
1151 86 209 4535 438 4621 647
1152 164 200 3923 0 4087 200
1153 314 380 0 7558 314 7938
1154 334 281 7543 2990 7877 3271
1155 114 492 8171 11217 8285 11709
1156 81 429 2694 9955 2775 10384
1157 313 35 8897 1639 9210 1674
1158 496 50 10676 9247 11172 9297
1159 180 230 1276 2130 1456 2360
1160 403 473 10984 6426 11387 6899
1161 266 182 2579 3440 2845 3622
1162 231 219 1593 1451 1824 1670
1163 336 101 5843 3810 6179 3911
1164 219 318 10210 729 10429 1047
1165 164 472 10370 6426 10534 6898
1166 105 447 6464 4862 6569 5309
1167 351 203 9110 2127 9461 2330
1168 229 435 4419 9133 4648 9568
1169 60 354 10065 2398 10125 2752
1170 249 350 8161 3677 8410 4027
1171 154 231 0 2360 154 2591
1172 243 444 4728 11304 4971 11748
1173 132 301 8897 191 9029 492
1174 301 35 8897 156 9198 191
1175 50 131 676 351 726 482
1176 376 339 1751 5371 2127 5710
1177 349 196 7907 3271 8256 3467
1178 225 483 7393 9752 7618 10235
1179 65 463 10532 5038 10597 5501
1180 185 474 11814 6426 11999 6900
1181 499 309 9105 11257 9604 11566
1182 402 32 4254 6304 4656 6336
1183 112 482 6645 9231 6757 9713
1184 430 496 11070 9685 11500 10181
1185 46 468 9507 6426 9553 6894
1186 176 193 3311 0 3487 193
1187 330 44 7304 1866 7634 1910
1188 351 289 8410 2673 8761 2962
1189 213 468 9596 6426 9809 6894
1190 59 460 8464 7216 8523 7676
1191 259 401 3114 6934 3373 7335
1192 338 281 5845 3998 6183 4279
1193 151 278 6339 0 6490 278
1194 338 313 5507 3998 5845 4311
1195 480 482 6757 8303 7237 8785
1196 294 142 7352 747 7646 889
1197 82 466 10977 5811 11059 6277
1198 286 326 5954 2133 6240 2459
1199 365 101 10924 3185 11289 3286
1200 156 483 7237 9752 7393 10235
1201 437 128 2694 11119 3131 11247
1202 322 345 7298 3617 7620 3962
1203 149 280 6898 0 7047 280
1204 398 148 2962 5998 3360 6146
1205 86 185 2146 675 2232 860
1206 92 468 9835 6894 9927 7362
1207 222 261 4058 2077 4280 2338
1208 248 152 1980 2497 2228 2649
1209 347 458 7195 6977 7542 7435
1210 286 79 5507 920 5793 999
1211 89 110 503 287 592 397
1212 125 307 10951 262 11076 569
1213 365 46 10323 4115 10688 4161
1214 407 389 0 8366 407 8755
1215 177 124 2193 267 2370 391
1216 320 199 10210 1169 10530 1368
1217 246 83 2226 1747 2472 1830
1218 307 262 10951 0 11258 262
1219 201 181 4087 192 4288 373
1220 332 305 7595 2194 7927 2499
1221 302 248 9221 481 9523 729
1222 88 481 6281 9231 6369 9712
1223 450 330 6601 5522 7051 5852
1224 416 71 0 11100 416 11171
1225 105 200 3818 0 3923 200
1226 164 76 470 1016 634 1092
1227 416 452 6601 5852 7017 6304
1228 185 248 2561 1830 2746 2078
1229 137 392 4085 4416 4222 4808
1230 59 228 1217 1672 1276 1900
1231 193 261 3865 2077 4058 2338
1232 72 34 0 118 72 152
1233 268 381 781 7451 1049 7832
1234 210 164 0 1220 210 1384
1235 235 449 7755 4416 7990 4865
1236 365 180 10215 3437 10580 3617
1237 357 200 10421 2924 10778 3124
1238 222 329 6299 2194 6521 2523
1239 280 443 3895 11209 4175 11652
1240 313 480 5367 9389 5680 9869
1241 447 499 10104 10910 10551 11409
1242 194 86 3157 381 3351 467
1243 334 44 7210 2781 7544 2825
1244 335 211 6178 3271 6513 3482
1245 364 252 10215 3185 10579 3437
1246 105 481 6130 9231 6235 9712
1247 197 213 284 1611 481 1824
1248 49 200 3694 200 3743 400
1249 348 210 7907 3467 8255 3677
1250 66 182 2014 675 2080 857
1251 282 296 7276 1184 7558 1480
1252 373 172 0 5976 373 6148
1253 49 91 338 49 387 140
1254 63 294 7352 889 7415 1183
1255 284 434 4076 9133 4360 9567
1256 77 196 3353 381 3430 577
1257 132 325 5822 1866 5954 2191
1258 91 233 440 2360 531 2593
1259 112 96 446 545 558 641
1260 313 457 6882 6977 7195 7434
1261 205 493 9105 9289 9310 9782
1262 256 460 8464 6756 8720 7216
1263 61 460 9036 6756 9097 7216
1264 151 284 7715 0 7866 284
1265 235 408 673 8559 908 8967
1266 69 426 2743 9101 2812 9527
1267 240 452 6601 6304 6841 6756
1268 243 405 4171 6816 4414 7221
1269 246 52 1980 1747 2226 1799
1270 211 368 742 4416 953 4784
1271 90 158 0 882 90 1040
1272 112 43 676 0 788 43
1273 284 60 5507 658 5791 718
1274 214 444 4514 11209 4728 11653
1275 366 315 10688 3758 11054 4073
1276 390 214 3026 4806 3416 5020
1277 312 275 9830 1124 10142 1399
1278 231 374 1480 4789 1711 5163
1279 193 449 7486 4854 7679 5303
1280 403 98 4656 6304 5059 6402
1281 417 401 0 11587 417 11988
1282 92 464 11397 4416 11489 4880
1283 117 305 10220 0 10337 305
1284 216 405 4766 6412 4982 6817
1285 310 198 8897 926 9207 1124
1286 333 140 6974 2641 7307 2781
1287 308 211 11234 517 11542 728
1288 107 238 785 2598 892 2836
1289 458 226 5367 7669 5825 7895
1290 55 160 90 1016 145 1176
1291 292 236 5797 1497 6089 1733
1292 278 120 6061 286 6339 406
1293 50 92 387 141 437 233
1294 197 171 3157 849 3354 1020
1295 276 476 11568 7128 11844 7604
1296 339 237 6183 3810 6522 4047
1297 243 493 9310 9289 9553 9782
1298 210 183 210 1220 420 1403
1299 400 271 2962 6171 3362 6442
1300 61 316 10149 729 10210 1045
1301 51 221 816 1220 867 1441
1302 40 306 10337 0 10377 306
1303 339 94 6522 3810 6861 3904
1304 425 233 2694 8462 3119 8695
1305 413 450 8170 4416 8583 4866
1306 159 460 8877 6756 9036 7216
1307 172 400 2563 6532 2735 6932
1308 350 37 9110 2330 9460 2367
1309 222 77 1074 1220 1296 1297
1310 299 367 0 4416 299 4783
1311 311 31 9208 1124 9519 1155
1312 198 306 10682 0 10880 306
1313 194 466 11285 5346 11479 5812
1314 450 385 8170 4867 8620 5252
1315 381 285 1430 6319 1811 6604
1316 378 301 0 6489 378 6790
1317 54 175 2307 0 2361 175
1318 164 395 4033 5599 4197 5994
1319 416 427 2694 9527 3110 9954
1320 459 166 7747 6756 8206 6922
1321 104 238 785 2360 889 2598
1322 336 188 5507 3810 5843 3998
1323 170 310 11851 309 12021 619
1324 308 255 11542 262 11850 517
1325 71 427 3344 8151 3415 8578
1326 252 238 3212 1830 3464 2068
1327 494 419 9599 9782 10093 10201
1328 410 490 6220 11260 6630 11750
1329 217 466 11479 5346 11696 5812
1330 136 471 9729 7362 9865 7833
1331 335 130 5507 3271 5842 3401
1332 329 407 344 8755 673 9162
1333 66 185 2080 675 2146 860
1334 208 283 7507 0 7715 283
1335 31 346 7340 3962 7371 4308
1336 429 472 9941 7362 10370 7834
1337 164 164 1292 0 1456 164
1338 259 468 9248 6426 9507 6894
1339 203 282 7136 336 7339 618
1340 166 125 1621 0 1787 125
1341 116 409 390 9162 506 9571
1342 250 293 7102 747 7352 1040
1343 93 382 2192 6319 2285 6701
1344 59 92 387 49 446 141
1345 214 309 11851 0 12065 309
1346 142 256 3723 1830 3865 2086
1347 268 51 2954 3440 3222 3491
1348 385 55 1049 7240 1434 7295
1349 353 226 10065 1904 10418 2130
1350 330 151 6299 2596 6629 2747
1351 278 411 1106 9530 1384 9941
1352 152 374 1711 4997 1863 5371
1353 270 218 3223 3742 3493 3960
1354 333 154 7210 2990 7543 3144
1355 91 189 3157 192 3248 381
1356 397 412 1106 9118 1503 9530
1357 49 396 4197 5599 4246 5995
1358 92 419 1536 10809 1628 11228
1359 145 379 756 6698 901 7077
1360 403 487 5367 10235 5770 10722
1361 380 463 10597 5038 10977 5501
1362 42 394 4033 5204 4075 5598
1363 181 264 4486 1830 4667 2094
1364 399 173 2563 5998 2962 6171
1365 405 145 4577 6817 4982 6962
1366 239 468 9596 6894 9835 7362
1367 480 158 5367 9231 5847 9389
1368 249 386 2563 4416 2812 4802
1369 272 165 5507 71 5779 236
1370 210 41 211 1403 421 1444
1371 218 329 6756 1866 6974 2195
1372 243 164 2224 1220 2467 1384
1373 411 75 1926 8457 2337 8532
1374 338 126 6178 3528 6516 3654
1375 297 470 9097 7362 9394 7832
1376 251 480 5680 9389 5931 9869
1377 75 404 3950 6412 4025 6816
1378 385 87 1049 7594 1434 7681
1379 129 429 3588 8579 3717 9008
1380 278 384 2285 6319 2563 6703
1381 365 91 10215 3617 10580 3708
1382 214 271 4866 0 5080 271
1383 360 421 2129 10390 2489 10811
1384 159 439 3606 11260 3765 11699
1385 300 421 1406 11232 1706 11653
1386 143 375 1380 5371 1523 5746
1387 387 412 1384 9530 1771 9942
1388 109 210 4757 647 4866 857
1389 370 315 0 5150 370 5465
1390 76 449 7679 4854 7755 5303
1391 106 301 9115 191 9221 492
1392 158 134 238 882 396 1016
1393 167 170 1966 0 2133 170
1394 248 48 2227 2449 2475 2497
1395 314 138 9521 1412 9835 1550
1396 43 467 9553 6426 9596 6893
1397 394 496 10676 9685 11070 10181
1398 452 463 10080 5500 10532 5963
1399 87 242 1044 2840 1131 3082
1400 395 490 7067 10235 7462 10725
1401 57 466 11059 5811 11116 6277
1402 190 371 372 5465 562 5836
1403 242 346 7665 3271 7907 3617
1404 192 216 582 1220 774 1436
1405 124 200 3694 0 3818 200
1406 202 440 4335 10386 4537 10826
1407 81 162 300 1016 381 1178
1408 384 299 1049 7295 1433 7594
1409 173 261 4280 1830 4453 2091
1410 237 295 7415 889 7652 1184
1411 344 407 0 8755 344 9162
1412 95 377 2127 5371 2222 5748
1413 378 275 378 6489 756 6764
1414 461 150 9558 4856 10019 5006
1415 362 194 9133 3613 9495 3807
1416 198 299 8143 747 8341 1046
1417 312 443 4537 10766 4849 11209
1418 54 482 6281 9713 6335 10195
1419 278 238 6061 406 6339 644
1420 261 500 10551 10910 10812 11410
1421 261 454 5367 6756 5628 7210
1422 281 434 4648 9133 4929 9567
1423 424 406 2694 8695 3118 9101
1424 285 145 5507 775 5792 920
1425 376 303 1751 5710 2127 6013
1426 378 54 0 6319 378 6373
1427 318 147 10429 729 10747 876
1428 456 221 6743 6756 7199 6977
1429 175 278 6490 0 6665 278
1430 254 173 3212 2654 3466 2827
1431 245 226 2225 1521 2470 1747
1432 231 491 8155 10726 8386 11217
1433 239 354 10125 2398 10364 2752
1434 201 251 2939 2081 3140 2332
1435 353 202 10065 2196 10418 2398
1436 315 493 9937 8898 10252 9391
1437 102 439 3646 11699 3748 12138
1438 254 409 136 9570 390 9979
1439 391 370 2563 5190 2954 5560
1440 148 115 90 882 238 997
1441 367 36 10323 4161 10690 4197
1442 475 74 10370 7128 10845 7202
1443 155 410 543 9980 698 10390
1444 243 422 1706 11232 1949 11654
1445 360 126 11308 2398 11668 2524
1446 365 283 11289 3185 11654 3468
1447 84 110 592 287 676 397
1448 67 459 8072 7090 8139 7549
1449 411 492 7539 11632 7950 12124
1450 167 325 5507 2515 5674 2840
1451 170 282 7337 0 7507 282
1452 36 48 0 0 36 48
1453 365 43 10924 3468 11289 3511
1454 488 387 5367 11260 5855 11647
1455 305 453 7723 5852 8028 6305
1456 230 303 9621 303 9851 606
1457 137 104 1072 488 1209 592
1458 247 483 7237 9269 7484 9752
1459 209 491 7946 10235 8155 10726
1460 234 465 11400 4880 11634 5345
1461 180 86 1884 551 2064 637
1462 451 336 8170 5252 8621 5588
1463 187 265 4667 1830 4854 2095
1464 328 477 11240 7128 11568 7605
1465 293 89 7102 658 7395 747
1466 311 227 8897 1412 9208 1639
1467 408 485 7618 9272 8026 9757
1468 207 487 6005 10235 6212 10722
1469 309 111 11542 517 11851 628
1470 171 421 2129 10811 2300 11232
1471 410 264 1516 8467 1926 8731
1472 269 243 2954 3742 3223 3985
1473 335 287 5842 3271 6177 3558
1474 46 257 3723 2086 3769 2343
1475 207 414 1199 10548 1406 10962
1476 337 282 6516 3528 6853 3810
1477 65 130 764 221 829 351
1478 145 397 4468 5204 4613 5601
1479 89 222 985 1220 1074 1442
1480 438 488 6212 10235 6650 10723
1481 385 206 1434 7594 1819 7800
1482 69 232 371 2463 440 2695
1483 204 236 465 3138 669 3374
1484 173 272 5334 0 5507 272
1485 324 470 9097 7832 9421 8302
1486 196 159 3157 467 3353 626
1487 472 492 7067 11632 7539 12124
1488 182 372 1380 4416 1562 4788
1489 52 392 4033 4416 4085 4808
1490 234 428 3110 9527 3344 9955
1491 215 266 2042 3440 2257 3706
1492 320 83 10210 1476 10530 1559
1493 450 492 8171 11709 8621 12201
1494 160 485 8782 8303 8942 8788
1495 390 479 6041 8303 6431 8782
1496 189 56 2542 1067 2731 1123
1497 170 465 10977 5346 11147 5811
1498 245 142 1980 1521 2225 1663
1499 66 346 7298 3271 7364 3617
1500 284 46 7507 566 7791 612
1501 31 388 3371 4416 3402 4804
1502 62 266 1980 3440 2042 3706
1503 403 108 3851 6304 4254 6412
1504 163 423 2531 11562 2694 11985
1505 342 337 6863 3680 7205 4017
1506 145 333 8080 2019 8225 2352
1507 426 497 10921 10181 11347 10678
1508 42 228 1123 2123 1165 2351
1509 320 167 10852 1471 11172 1638
1510 297 71 7398 1480 7695 1551
1511 458 93 5825 7737 6283 7830
1512 280 55 7047 0 7327 55
1513 285 117 5791 658 6076 775
1514 377 116 0 6373 377 6489
1515 254 347 7907 3677 8161 4024
1516 351 200 9113 2673 9464 2873
1517 227 413 2181 9118 2408 9531
1518 187 184 2353 785 2540 969
1519 104 315 9521 1550 9625 1865
1520 391 340 2563 5560 2954 5900
1521 458 118 6283 7737 6741 7855
1522 122 405 4982 6412 5104 6817
1523 273 412 1900 9531 2173 9943
1524 42 217 774 1220 816 1437
1525 306 393 4576 4416 4882 4809
1526 391 203 2954 5190 3345 5393
1527 98 302 9523 0 9621 302
1528 355 416 0 11171 355 11587
1529 57 307 11076 262 11133 569
1530 120 226 1074 1897 1194 2123
1531 48 352 9464 2673 9512 3025
1532 193 400 2735 6532 2928 6932
1533 303 438 2970 11247 3273 11685
1534 298 300 8341 0 8639 300
1535 117 297 7779 747 7896 1044
1536 352 107 8761 2673 9113 2780
1537 46 164 381 1016 427 1180
1538 224 235 260 2695 484 2930
1539 83 59 0 162 83 221
1540 59 327 6240 2133 6299 2460
1541 363 130 8410 3959 8773 4089
1542 402 306 3851 5998 4253 6304
1543 56 57 98 49 154 106
1544 288 498 11500 10183 11788 10681
1545 305 78 10377 244 10682 322
1546 244 77 1980 1220 2224 1297
1547 116 486 5770 10235 5886 10721
1548 44 62 54 49 98 111
1549 197 47 3157 802 3354 849
1550 274 91 5781 286 6055 377
1551 276 482 6369 9231 6645 9713
1552 351 261 9110 1866 9461 2127
1553 453 265 7723 6305 8176 6570
1554 116 237 669 2360 785 2597
1555 95 130 911 0 1006 130
1556 344 365 10580 3185 10924 3550
1557 82 173 1884 0 1966 173
1558 437 490 6630 11260 7067 11750
1559 201 107 4292 0 4493 107
1560 75 419 1724 10390 1799 10809
1561 101 224 1492 1220 1593 1444
1562 32 304 9969 0 10001 304
1563 188 266 2391 3440 2579 3706
1564 391 339 3345 5190 3736 5529
1565 363 98 8410 4318 8773 4416
1566 366 404 4171 6412 4537 6816
1567 71 458 7676 6756 7747 7214
1568 333 438 3273 10822 3606 11260
1569 444 453 8182 5852 8626 6305
1570 261 436 2814 10386 3075 10822
1571 106 39 552 192 658 231
1572 35 239 892 2599 927 2838
1573 143 251 3069 1830 3212 2081
1574 302 483 7237 8303 7539 8786
1575 352 337 9713 2805 10065 3142
1576 328 467 11696 5346 12024 5813
1577 277 32 5507 588 5784 620
1578 423 50 2694 8412 3117 8462
1579 146 404 4025 6412 4171 6816
1580 76 471 9865 7362 9941 7833
1581 234 293 6868 658 7102 951
1582 293 89 6283 1387 6576 1476
1583 484 490 7462 10235 7946 10725
1584 246 163 1980 2207 2226 2370
1585 500 462 10812 11031 11312 11493
1586 224 224 1074 1448 1298 1672
1587 143 225 1074 1672 1217 1897
1588 444 316 5367 5191 5811 5507
1589 368 345 534 4784 902 5129
1590 380 273 511 7178 891 7451
1591 462 224 9097 5955 9559 6179
1592 171 324 5507 1866 5678 2190
1593 154 192 3157 0 3311 192
1594 115 160 185 1016 300 1176
1595 391 288 2954 5529 3345 5817
1596 164 128 470 1092 634 1220
1597 313 60 9208 1412 9521 1472
1598 410 268 1106 8467 1516 8735
1599 60 176 2133 267 2193 443
1600 49 425 2694 9101 2743 9526
1601 199 480 5931 9231 6130 9711
1602 296 95 7102 1480 7398 1575
1603 480 62 5367 9869 5847 9931
1604 197 380 314 7558 511 7938
1605 330 419 1799 10390 2129 10809
1606 246 131 1980 2076 2226 2207
1607 191 379 756 6319 947 6698
1608 49 92 446 0 495 92
1609 319 179 10429 990 10748 1169
1610 500 354 9604 11257 10104 11611
1611 49 305 10001 305 10050 610
1612 244 37 1980 1384 2224 1421
1613 204 192 4087 0 4291 192
1614 311 143 9519 1124 9830 1267
1615 152 240 892 2838 1044 3078
1616 287 248 5794 920 6081 1168
1617 292 122 6576 1387 6868 1509
1618 219 305 10001 0 10220 305
1619 484 493 8621 11217 9105 11710
1620 391 432 3785 8151 4176 8583
1621 325 459 7747 7090 8072 7549
1622 335 469 9394 7362 9729 7831
1623 198 408 908 8559 1106 8967
1624 379 181 0 6997 379 7178
1625 310 395 4634 4809 4944 5204
1626 40 298 7896 1045 7936 1343
1627 437 489 5601 11647 6038 12136
1628 450 497 11570 9685 12020 10182
1629 339 367 195 4783 534 5150
1630 475 321 10370 7426 10845 7747
1631 40 158 145 1016 185 1174
1632 97 434 4040 8583 4137 9017
1633 320 453 7403 5852 7723 6305
1634 353 330 10418 1866 10771 2196
1635 179 209 4671 438 4850 647
1636 383 139 1049 6851 1432 6990
1637 49 228 1074 2123 1123 2351
1638 134 458 7542 6756 7676 7214
1639 59 434 4360 9133 4419 9567
1640 102 130 726 351 828 481
1641 347 485 7935 8787 8282 9272
1642 63 434 4013 9133 4076 9567
1643 361 342 8410 3529 8771 3871
1644 105 375 1523 5371 1628 5746
1645 138 112 676 592 814 704
1646 356 270 10364 2654 10720 2924
1647 194 205 4267 438 4461 643
1648 461 325 9558 4416 10019 4741
1649 370 244 0 5465 370 5709
1650 133 167 1456 261 1589 428
1651 333 142 6974 2499 7307 2641
1652 156 463 10080 5963 10236 6426
1653 399 431 3386 9955 3785 10386
1654 374 364 1711 4416 2085 4780
1655 253 36 3465 2226 3718 2262
1656 76 240 1158 2600 1234 2840
1657 136 281 7047 55 7183 336
1658 56 224 1354 1444 1410 1668
1659 492 200 7067 11217 7559 11417
1660 174 130 2133 137 2307 267
1661 129 168 1589 261 1718 429
1662 121 135 951 414 1072 549
1663 190 191 2967 0 3157 191
1664 86 395 4075 5204 4161 5599
1665 320 302 10530 1169 10850 1471
1666 114 423 2048 11562 2162 11985
1667 173 408 871 8151 1044 8559
1668 111 243 1096 3082 1207 3325
1669 151 467 9097 6426 9248 6893
1670 205 47 4087 373 4292 420
1671 314 431 3072 9955 3386 10386
1672 290 33 5507 1497 5797 1530
1673 100 374 1380 4789 1480 5163
1674 330 73 6299 2523 6629 2596
1675 322 140 10530 1471 10852 1611
1676 491 219 7067 10763 7558 10982
1677 154 453 8028 5852 8182 6305
1678 63 381 718 7451 781 7832
1679 375 374 1863 4997 2238 5371
1680 244 461 9195 5038 9439 5499
1681 381 247 1430 6604 1811 6851
1682 234 402 3392 6934 3626 7336
1683 123 376 1628 5371 1751 5747
1684 176 160 2193 391 2369 551
1685 48 132 828 351 876 483
1686 61 464 11634 4416 11695 4880
1687 114 387 2812 4416 2926 4803
1688 494 85 10093 9782 10587 9867
1689 45 346 7620 3271 7665 3617
1690 202 400 2563 6932 2765 7332
1691 120 435 2694 10386 2814 10821
1692 233 280 6665 0 6898 280
1693 423 464 10977 4880 11400 5344
1694 438 263 2694 11746 3132 12009
1695 57 330 6699 1866 6756 2196
1696 140 439 3748 11699 3888 12138
1697 268 107 3222 3440 3490 3547
1698 369 423 2162 11562 2531 11985
1699 366 112 10690 4161 11056 4273
1700 381 47 1049 6319 1430 6366
1701 214 122 0 1865 214 1987
1702 122 48 446 729 568 777
1703 458 68 5825 7669 6283 7737
1704 336 99 5842 3558 6178 3657
1705 112 346 7228 3962 7340 4308
1706 361 444 4153 11653 4514 12097
1707 423 261 2694 8151 3117 8412
1708 99 182 1915 675 2014 857
1709 91 239 892 2360 983 2599
1710 387 443 4849 10766 5236 11209
1711 182 489 6038 11647 6220 12136
1712 279 139 6339 484 6618 623
1713 55 88 283 49 338 137
1714 362 364 9495 3893 9857 4257
1715 442 84 4537 10638 4979 10722
1716 166 110 1456 151 1622 261
1717 476 435 10370 7747 10846 8182
1718 217 428 3415 8151 3632 8579
1719 491 215 7067 11417 7558 11632
1720 411 383 1106 8735 1517 9118
1721 361 341 9130 3185 9491 3526
1722 277 70 5784 588 6061 658
1723 413 444 5367 4416 5780 4860
1724 242 366 11420 3758 11662 4124
1725 91 165 1292 164 1383 329
1726 426 451 8583 4416 9009 4867
1727 133 199 3561 0 3694 199
1728 477 395 10846 7605 11323 8000
1729 138 465 11147 5346 11285 5811
1730 317 484 7618 8303 7935 8787
1731 310 421 1406 11654 1716 12075
1732 138 499 11788 10183 11926 10682
1733 81 93 446 94 527 187
1734 40 304 9929 0 9969 304
1735 157 460 8720 6756 8877 7216
1736 106 95 446 192 552 287
1737 222 393 4033 4808 4255 5201
1738 467 171 11285 5813 11752 5984
1739 173 137 2133 0 2306 137
1740 499 347 9105 10910 9604 11257
1741 48 113 676 61 724 174
1742 493 134 9553 8764 10046 8898
1743 114 420 1799 10809 1913 11229
1744 350 109 8760 2382 9110 2491
1745 385 140 1434 7800 1819 7940
1746 397 445 5780 4416 6177 4861
1747 62 88 221 49 283 137
1748 124 40 676 181 800 221
1749 323 448 6978 4863 7301 5311
1750 313 465 11695 4416 12008 4881
1751 194 292 6089 1213 6283 1505
1752 78 303 9851 0 9929 303
1753 100 249 2969 1830 3069 2079
1754 352 223 8410 2962 8762 3185
1755 267 144 1980 3870 2247 4014
1756 114 354 10771 1866 10885 2220
1757 113 53 446 397 559 450
1758 205 155 4292 283 4497 438
1759 129 372 562 5465 691 5837
1760 70 343 7228 3614 7298 3957
1761 396 444 4971 11304 5367 11748
1762 461 182 9097 4856 9558 5038
1763 209 407 4721 6962 4930 7369
1764 63 240 1166 2360 1229 2600
1765 189 405 4577 6412 4766 6817
1766 332 422 1716 11654 2048 12076
1767 411 434 4666 8151 5077 8585
1768 101 478 5940 8753 6041 9231
1769 345 388 3026 4416 3371 4804
1770 350 213 8410 1866 8760 2079
1771 118 218 867 1220 985 1438
1772 55 49 36 0 91 49
1773 282 493 10252 8303 10534 8796
1774 119 487 5886 10235 6005 10722
1775 247 298 7896 747 8143 1045
1776 319 37 10748 990 11067 1027
1777 180 247 2381 1830 2561 2077
1778 78 230 1593 1220 1671 1450
1779 98 461 9097 5038 9195 5499
1780 153 332 7927 2019 8080 2351
1781 414 125 824 10390 1238 10515
1782 121 231 154 2463 275 2694
1783 151 236 154 3138 305 3374
1784 165 151 1456 0 1621 151
1785 174 295 7102 1184 7276 1479
1786 273 215 6051 71 6324 286
1787 248 212 2227 2237 2475 2449
1788 406 490 6272 11750 6678 12240
1789 287 172 5507 999 5794 1171
1790 494 390 9105 10050 9599 10440
1791 180 207 4087 438 4267 645
1792 356 63 10065 2924 10421 2987
1793 496 419 10676 8303 11172 8722
1794 221 492 7950 11217 8171 11709
1795 320 486 8782 8788 9102 9274
1796 244 428 3344 8579 3588 9007
1797 217 89 481 1436 698 1525
1798 128 493 9105 8303 9233 8796
1799 259 96 2238 2885 2497 2981
1800 437 297 2694 10822 3131 11119
1801 83 145 1209 181 1292 326
1802 390 484 7935 8303 8325 8787
1803 326 267 5954 1866 6280 2133
1804 122 240 1044 2360 1166 2600
1805 181 447 6601 4416 6782 4863
1806 313 174 8897 1674 9210 1848
1807 255 58 3212 2827 3467 2885
1808 263 238 3865 2338 4128 2576
1809 410 316 1515 8151 1925 8467
1810 223 151 1074 1297 1297 1448
1811 458 168 7747 6922 8205 7090
1812 314 137 9835 1412 10149 1549
1813 422 330 2048 11232 2470 11562
1814 186 110 2353 675 2539 785
1815 360 299 8410 3185 8770 3484
1816 444 95 4728 11209 5172 11304
1817 205 176 4292 107 4497 283
1818 366 134 11054 3758 11420 3892
1819 258 179 1980 2885 2238 3064
1820 101 216 481 1220 582 1436
1821 252 158 3212 2068 3464 2226
1822 381 382 1811 6319 2192 6701
1823 200 212 0 1653 200 1865
1824 438 61 2694 11685 3132 11746
1825 72 483 8325 8303 8397 8786
1826 74 341 7154 3271 7228 3612
1827 443 44 4537 10722 4980 10766
1828 61 299 8143 1046 8204 1345
1829 289 42 5507 1171 5796 1213
1830 302 290 9221 191 9523 481
1831 169 416 355 11171 524 11587
1832 70 498 11500 9685 11570 10183
1833 449 438 7301 4416 7750 4854
1834 258 299 8639 0 8897 299
1835 335 165 7210 2825 7545 2990
1836 91 328 6608 1866 6699 2194
1837 340 68 6863 3612 7203 3680
1838 355 408 0 9162 355 9570
1839 365 290 11289 3468 11654 3758
1840 488 219 5367 10723 5855 10942
1841 70 444 4175 11209 4245 11653
1842 196 176 3157 626 3353 802
1843 272 147 5779 71 6051 218
1844 71 465 12064 4881 12135 5346
1845 446 330 5367 4861 5813 5191
1846 244 485 8397 8303 8641 8788
1847 54 459 8139 7090 8193 7549
1848 166 167 1718 261 1884 428
1849 316 331 6974 2019 7290 2350
1850 198 408 673 8151 871 8559
1851 140 332 8225 1866 8365 2198
1852 318 107 11066 729 11384 836
1853 475 224 10370 7202 10845 7426
1854 168 436 3075 10386 3243 10822
1855 260 195 2239 3064 2499 3259
1856 236 333 6974 2781 7210 3114
1857 500 121 10812 10910 11312 11031
1858 372 267 0 5709 372 5976
1859 335 218 5507 3558 5842 3776
1860 39 303 9621 0 9660 303
1861 136 408 0 9570 136 9978
1862 496 438 11172 9247 11668 9685
1863 287 447 6177 4862 6464 5309
1864 208 367 534 4416 742 4783
1865 244 474 11999 6426 12243 6900
1866 195 369 953 4416 1148 4785
1867 384 250 1049 6990 1433 7240
1868 40 446 6177 4416 6217 4862
1869 134 266 2257 3440 2391 3706
1870 406 215 0 8151 406 8366
1871 142 178 2472 0 2614 178
1872 389 447 6782 4416 7171 4863
1873 221 296 7558 1184 7779 1480
1874 427 474 11387 6426 11814 6900
1875 179 246 2048 1830 2227 2076
1876 367 402 2563 7333 2930 7735
1877 154 247 2227 1830 2381 2077
1878 153 329 6521 2194 6674 2523
1879 352 38 10065 1866 10417 1904
1880 144 456 6242 7212 6386 7668
1881 340 86 6523 4047 6863 4133
1882 81 373 1562 4416 1643 4789
1883 413 296 0 10390 413 10686
1884 383 436 3243 10386 3626 10822
1885 167 230 1813 1220 1980 1450
1886 384 493 9553 8898 9937 9391
1887 54 55 0 49 54 104
1888 39 104 585 0 624 104
1889 267 248 2579 3622 2846 3870
1890 165 409 390 9571 555 9980
1891 393 454 6350 6756 6743 7210
1892 96 232 275 2463 371 2695
1893 232 368 1148 4416 1380 4784
1894 153 409 390 9980 543 10389
1895 114 240 1044 2600 1158 2840
1896 317 316 9625 1550 9942 1866
1897 363 359 8773 3959 9136 4318
1898 268 195 2954 3547 3222 3742
1899 212 42 0 1611 212 1653
1900 178 418 1184 11184 1362 11602
1901 360 344 8770 3185 9130 3529
1902 234 208 154 2930 388 3138
1903 362 358 8771 3529 9133 3887
1904 259 414 565 10686 824 11100
1905 84 212 200 1653 284 1865
1906 52 490 6220 11750 6272 12240
1907 50 208 4621 438 4671 646
1908 300 156 8897 0 9197 156
1909 121 186 2232 675 2353 861
1910 362 84 9133 3529 9495 3613
1911 142 231 1671 1220 1813 1451
1912 284 282 7507 284 7791 566
1913 332 175 7595 2019 7927 2194
1914 123 120 724 61 847 181
1915 123 61 788 0 911 61
1916 245 396 4246 5601 4491 5997
1917 340 100 6183 4047 6523 4147
1918 260 247 3865 1830 4125 2077
1919 193 251 2746 2081 2939 2332
1920 106 232 154 2695 260 2927
1921 289 438 3606 10822 3895 11260
1922 117 88 446 641 563 729
1923 222 396 4246 5204 4468 5600
1924 440 440 3895 10635 4335 11075
1925 419 460 8045 7549 8464 8009
1926 316 478 5367 8753 5683 9231
1927 355 256 10364 2398 10719 2654
1928 284 471 9421 7832 9705 8303
1929 255 227 3212 2427 3467 2654
1930 358 364 9857 3893 10215 4257
1931 152 473 10832 6426 10984 6899
1932 72 460 8464 7676 8536 8136
1933 88 463 10532 5501 10620 5964
1934 262 357 10778 2398 11040 2755
1935 381 61 1049 6604 1430 6665
1936 285 118 5792 775 6077 893
1937 195 367 0 4783 195 5150
1938 280 206 6339 278 6619 484
1939 304 390 3459 4416 3763 4806
1940 320 136 11067 990 11387 1126
1941 32 454 5812 6756 5844 7210
1942 300 483 7237 8786 7537 9269
1943 187 98 2353 969 2540 1067
1944 225 402 3626 6934 3851 7336
1945 290 284 5507 1213 5797 1497
1946 386 452 7017 5852 7403 6304
1947 350 291 8410 2382 8760 2673
1948 141 271 5080 0 5221 271
1949 111 95 446 450 557 545
1950 228 434 3785 9133 4013 9567
1951 414 33 824 10515 1238 10548
1952 495 251 9600 10537 10095 10788
1953 149 229 1276 1901 1425 2130
1954 265 51 2245 3259 2510 3310
1955 290 39 5797 1213 6087 1252
1956 474 228 10370 6900 10844 7128
1957 184 401 2930 6532 3114 6933
1958 377 448 6601 4863 6978 5311
1959 72 44 72 118 144 162
1960 138 223 1354 1220 1492 1443
1961 225 387 2801 4803 3026 5190
1962 86 301 9029 191 9115 492
1963 31 180 1884 675 1915 855
1964 185 448 7301 4854 7486 5302
1965 130 418 1406 10809 1536 11227
1966 141 486 8641 8303 8782 8789
1967 33 264 4453 1830 4486 2094
1968 276 437 2694 11247 2970 11684
1969 256 52 3467 2827 3723 2879
1970 254 393 4882 4416 5136 4809
1971 307 176 10377 322 10684 498
1972 71 307 10880 0 10951 307
1973 122 130 829 221 951 351
1974 131 108 951 181 1082 289
1975 208 493 9105 8796 9313 9289
1976 360 226 9491 3185 9851 3411
1977 420 464 10977 4416 11397 4880
1978 270 391 3763 4416 4033 4807
1979 101 308 11133 262 11234 570
1980 345 364 9675 3529 10020 3893
1981 189 115 2353 1067 2542 1182
1982 108 456 6242 6756 6350 7212
1983 66 468 9809 6426 9875 6894
1984 68 246 1980 1830 2048 2076
1985 281 412 1900 9118 2181 9530
1986 268 358 11040 2398 11308 2756
1987 211 208 0 1403 211 1611
1988 76 240 785 2836 861 3076
1989 243 269 3490 3440 3733 3709
1990 384 446 6217 4416 6601 4862
1991 43 434 5077 8151 5120 8585
1992 46 481 6235 9231 6281 9712
1993 320 108 10210 1368 10530 1476
1994 434 116 3785 9017 4219 9133
1995 411 306 1926 8151 2337 8457
1996 160 236 305 3138 465 3374
1997 67 413 2173 9531 2240 9944
1998 108 365 10215 3758 10323 4123
1999 43 163 427 1016 470 1179
