4450 4475
block_0 625 320 0 2050 625 2370
block_1 500 600 0 0 500 600
block_2 600 500 1250 2550 1850 3050
block_3 600 500 0 2370 600 2870
block_4 800 500 2300 875 3100 1375
block_5 800 500 3375 3850 4175 4350
block_6 800 500 1250 2050 2050 2550
block_7 800 500 2300 1375 3100 1875
block_8 640 625 750 800 1390 1425
block_9 500 1000 3725 0 4225 1000
block_10 500 1000 1125 3050 1625 4050
block_11 625 800 3100 1000 3725 1800
block_12 500 1000 2250 3050 2750 4050
block_13 800 625 750 1425 1550 2050
block_14 500 1000 3100 0 3600 1000
block_15 750 800 0 800 750 1600
block_16 625 960 625 2050 1250 3010
block_17 750 800 1550 800 2300 1600
block_18 625 960 2750 3050 3375 4010
block_19 750 800 500 0 1250 800
block_20 625 960 3725 1000 4350 1960
block_21 800 875 2050 2050 2850 2925
block_22 875 800 1250 0 2125 800
block_23 800 875 2300 0 3100 875
block_24 1120 625 0 3850 1120 4475
block_25 625 1120 1625 3050 2250 4170
block_26 800 1000 2850 2050 3650 3050
block_27 1000 800 3375 3050 4375 3850
block_28 800 1000 3650 2050 4450 3050
block_29 1125 800 0 3050 1125 3850
